<Group>																							
Detector1																							
32																							
76		76		76		76		76		76		76		76		76		76		76		76	
oct07_1157_1.25vpp_300rpm_200cyc_1st	T637376758107053729	oct07_1157_1.25vpp_300rpm_200cyc_2nd	T637376758107055065	oct08_0019_1.25vpp_300rpm_600cyc_1st	T637376758107054175	oct08_0019_1.25vpp_300rpm_600cyc_2nd	T637376758107054620	oct08_0043_1.25vpp_300rpm_1000cyc_1st	T637376758107055510	oct08_0043_1.25vpp_300rpm_1000cyc_2nd	T637376758107055955	oct08_0043_1.25vpp_300rpm_1000cyc_3rd	T637376758107056400	oct08_0112_1.25vpp_500rpm_4000cyc_1st	T637376758107056845	oct08_0112_1.25vpp_500rpm_4000cyc_2nd	T637376758107057290	oct08_0112_1.25vpp_500rpm_4000cyc_3rd	T637376758107057735	oct08_0234_1.25vpp_400rpm_4000cyc_1st	T637376758107059070	oct08_0234_1.25vpp_400rpm_4000cyc_2nd	T637376758107059515
X	Y	X	Y	X	Y	X	Y	X	Y	X	Y	X	Y	X	Y	X	Y	X	Y	X	Y	X	Y
550	5826.918	550	5630.791	550	6531.40967	550	6269.22	550	6756.57861	550	6610.46826	550	6611.469	550	4301.045	550	4217.00439	550	3744.79224	550	4992.40771	550	4601.196
552	4774.2876	552	4647.22	552	5843.929	552	5571.75342	552	7436.12354	552	7172.90625	552	7080.832	552	3602.73315	552	3432.66577	552	3309.619	552	4692.24365	552	4476.132
554	4636.21436	554	4442.11475	554	5558.74561	554	5438.671	554	8266.86	554	8167.768	554	8132.736	554	3205.58057	554	3126.55225	554	2942.48926	554	4761.281	554	4491.13965
556	4523.156	556	4254.02246	556	5633.793	556	5531.72852	556	9390.981	556	9276.86	556	9115.693	556	2959.49487	556	2802.4436	556	2748.42676	556	4905.35938	556	4891.35156
558	4139.96826	558	3919.868	558	5411.6543	558	5404.65	558	10467.1875	558	10353.0537	558	10283.9727	558	2705.41357	558	2679.40552	558	2551.36768	558	5081.4585	558	5005.41553
560	3798.81519	560	3749.79443	560	5351.61768	560	5420.65967	560	11450.4043	560	11317.2334	560	11480.4434	560	2503.354	560	2459.3418	560	2313.30225	560	5212.53467	560	5212.53467
562	3581.72461	562	3610.73657	562	5380.63525	562	5207.53174	562	12335.5938	562	12301.5459	562	12316.5674	562	2267.29053	562	2221.27881	562	2128.25586	562	5496.70654	562	5444.675
564	3598.73169	564	3551.71265	564	5385.63867	564	5323.601	564	13038.6006	564	13122.7246	564	12924.4336	564	2108.25122	564	2094.2478	564	2007.22766	564	5549.73975	564	5677.821
566	3476.68286	566	3460.67651	566	5374.632	566	5375.63232	566	13657.5332	566	13664.5439	566	13622.4795	566	2055.23853	566	1933.21118	566	1961.21729	566	5742.863	566	5739.861
568	3462.67725	568	3396.65186	568	5550.74	568	5527.726	568	13920.9434	568	14260.4834	568	13708.6123	568	1914.207	568	1990.22375	568	1922.20874	568	6008.039	568	5922.98145
570	3345.63232	570	3447.67139	570	5401.64844	570	5404.65	570	14044.1377	570	14018.0967	570	13971.0225	570	1946.214	570	1948.21448	570	1878.19934	570	5889.95947	570	6022.04834
572	3334.62817	572	3226.58813	572	5457.68262	572	5334.60742	572	13801.7568	572	13610.4609	572	13976.03	572	1889.20166	572	1851.1936	572	1821.18738	572	5731.856	572	5784.89
574	3197.57764	574	3191.57544	574	5160.50439	574	5200.528	574	13329.0332	574	13387.12	574	13259.9287	574	1889.20166	574	1798.18262	574	1841.19153	574	5617.78271	574	5459.68359
576	3165.56616	576	3061.52954	576	5025.427	576	4861.335	576	12846.3193	576	12958.4834	576	12844.3164	576	1737.17053	576	1680.15955	576	1743.17163	576	5322.6	576	5443.674
578	2894.47339	578	3043.52319	578	4852.33	578	4694.24463	578	11925.0313	578	11992.1221	578	12123.3	578	1655.15479	578	1612.14685	578	1601.1449	578	5067.45068	578	5080.458
580	2745.42578	580	2669.40259	580	4352.07	580	4325.05664	580	11386.3223	580	11158.0313	580	11601.6016	580	1544.13477	580	1582.14148	580	1614.14722	580	4803.303	580	4757.27832
582	2492.35083	582	2583.377	582	4130.964	582	4055.9292	582	10467.1875	582	10279.9688	582	10662.4209	582	1529.13208	582	1578.14075	582	1589.1427	582	4423.105	582	4407.097
584	2388.32227	584	2295.29761	584	3792.81274	584	3818.82373	584	9540.141	584	9603.209	584	9589.193	584	1429.11536	584	1403.11121	584	1380.10767	584	4056.92969	584	4124.96143
586	2255.28735	586	2188.27051	586	3539.70776	586	3403.65454	586	8692.268	586	8684.26	586	8911.485	586	1293.09448	586	1321.09863	586	1364.1051	586	3755.79688	586	3781.80786
588	2097.24854	588	2106.25073	588	3217.585	588	3195.577	588	7967.58545	588	7881.509	588	8156.758	588	1264.09033	588	1272.09143	588	1383.108	588	3380.64575	588	3457.67529
590	1972.21973	590	1965.21814	590	2947.49072	590	2977.50073	590	7314.02148	590	7090.84	590	7254.973	590	1237.08643	590	1205.082	590	1259.0896	590	3240.59326	590	3183.57251
592	1875.19861	592	1803.18372	592	2911.47876	592	2791.44019	592	6667.511	592	6507.392	592	6841.644	592	1244.0874	592	1212.083	592	1161.07617	592	3043.52319	592	2989.505
594	1858.19507	594	1740.17114	594	2594.38037	594	2767.43262	594	6083.09033	594	6045.064	594	6068.08	594	1254.08887	594	1206.08215	594	1256.08911	594	2832.45313	594	2783.43774
596	1645.153	596	1625.14917	596	2464.343	596	2398.325	596	5448.67725	596	5425.663	596	5387.63965	596	1099.06824	596	1082.06616	596	1090.06714	596	2553.36841	596	2517.358
598	1504.12781	598	1498.12683	598	2157.263	598	2169.26587	598	5041.43555	598	4982.40234	598	5089.46338	598	1082.06616	598	963.0524	598	1055.06287	598	2189.27075	598	2350.312
600	1364.1051	600	1403.11121	600	2078.244	600	2024.23145	600	4581.18555	600	4407.097	600	4491.13965	600	899.045654	600	957.051758	600	959.051941	600	2159.26343	600	2146.26025
602	1276.092	602	1305.09619	602	1876.19885	602	1944.2135	602	4114.95654	602	4117.958	602	4161.97852	602	888.044556	602	898.0456	602	890.044739	602	1982.22192	602	1952.21533
604	1204.08191	604	1271.09131	604	1731.16931	604	1761.17529	604	3846.836	604	3767.802	604	3805.81836	604	912.047	604	862.042	604	927.0486	604	1882.2002	604	1823.18774
606	1155.07544	606	1221.08423	606	1651.154	606	1557.137	606	3661.75757	606	3511.69678	606	3710.77783	606	888.044556	606	833.0392	606	877.043457	606	1804.184	606	1791.18127
608	1163.07642	608	1118.07068	608	1613.147	608	1655.15479	608	3357.637	608	3486.68677	608	3346.63281	608	870.0428	608	826.0386	608	802.0363	608	1674.15833	608	1713.16577
610	1113.07	610	1120.07092	610	1478.12341	610	1509.12866	610	3240.59326	610	3243.59424	610	3129.55322	610	749.0317	610	826.0386	610	805.0366	610	1620.14832	610	1542.1344
612	1118.07068	612	1109.06946	612	1528.132	612	1520.13049	612	3112.54736	612	3109.54614	612	3085.53784	612	823.038269	612	837.0396	612	825.038452	612	1552.13611	612	1582.14148
614	1009.05756	614	1058.06323	614	1390.10913	614	1417.1134	614	2968.4978	614	2965.49683	614	3039.522	614	724.0296	614	762.032837	614	793.0355	614	1582.14148	614	1465.12122
616	982.0545	616	1019.05865	616	1311.09717	616	1326.09937	616	2682.40649	616	2810.44629	616	2782.43726	616	702.027832	616	790.0353	616	739.0309	616	1377.10718	616	1384.10828
618	999.0564	618	1040.06116	618	1323.09888	618	1249.08813	618	2569.373	618	2636.39258	618	2714.41626	618	723.029541	618	744.03125	618	659.024536	618	1400.11072	618	1370.10608
620	987.055054	620	933.0492	620	1291.09412	620	1278.09229	620	2513.357	620	2579.376	620	2477.34668	620	677.0259	620	728.029968	620	705.0281	620	1358.10425	620	1286.09351
622	902.045959	622	922.048035	622	1229.08533	622	1147.07434	622	2429.3335	622	2347.31128	622	2399.3252	622	757.032349	622	684.0264	622	693.027161	622	1270.09119	622	1257.08923
624	886.0444	624	945.0505	624	1211.08289	624	1108.06934	624	2295.29761	624	2269.291	624	2318.30371	624	709.0284	624	732.0303	624	724.0296	624	1269.091	624	1186.07947
626	846.040466	626	856.0414	626	1115.07019	626	1094.06763	626	2247.2854	626	2151.26147	626	2156.2627	626	721.029358	626	713.028748	626	681.0262	626	1108.06934	626	1151.07483
628	866.042358	628	828.038757	628	1069.06458	628	1060.06348	628	2128.25586	628	2115.25269	628	2015.22949	628	702.027832	628	659.024536	628	626.022156	628	1126.07166	628	1126.07166
630	822.0382	630	865.0423	630	1063.06384	630	1062.06372	630	1951.21509	630	1915.20728	630	1976.22058	630	706.028137	630	624.022	630	663.024841	630	1054.06274	630	1097.068
632	819.0379	632	833.0392	632	940.0499	632	997.056152	632	1843.19189	632	1760.175	632	1807.18457	632	619.021667	632	682.0263	632	647.0237	632	1032.06018	632	1011.05774
634	833.0392	634	746.031433	634	944.050354	634	936.0495	634	1771.17725	634	1695.16235	634	1710.16528	634	664.0249	634	667.025146	634	638.023	634	1049.06213	634	1037.06079
636	764.032959	636	764.032959	636	993.0557	636	931.04895	636	1658.1554	636	1579.14087	636	1629.1499	636	642.0233	636	633.022644	636	602.020447	636	1031.06	636	919.0477
638	789.035156	638	799.0361	638	873.0431	638	941.050049	638	1488.12512	638	1467.12158	638	1487.125	638	641.0232	638	651.0239	638	702.027832	638	981.0544	638	900.0458
640	737.0307	640	686.0266	640	909.0467	640	871.042847	640	1508.12854	640	1466.12146	640	1464.12109	640	625.0221	640	579.0189	640	616.0214	640	940.0499	640	857.0415
642	690.0269	642	733.030334	642	850.040833	642	848.040649	642	1359.10437	642	1327.09949	642	1396.11011	642	644.023438	642	607.0208	642	618.0216	642	855.0413	642	823.038269
644	716.029	644	762.032837	644	840.039856	644	833.0392	644	1260.08972	644	1244.0874	644	1262.09	644	666.0251	644	615.021362	644	601.0204	644	801.036255	644	816.0376
646	701.0278	646	714.0288	646	762.032837	646	802.0363	646	1190.08	646	1177.07825	646	1298.09521	646	599.020264	646	590.019653	646	582.019165	646	790.0353	646	780.034363
648	650.023865	648	645.0235	648	758.0325	648	743.0312	648	1142.07373	648	1118.07068	648	1122.07117	648	622.021851	648	586.0194	648	618.0216	648	775.033936	648	765.0331
650	632.0226	650	625.0221	650	760.032654	650	716.029	650	1018.05853	650	1046.06177	650	1086.06665	650	551.017151	650	558.0176	650	552.0172	650	775.033936	650	748.0316
652	677.0259	652	636.0228	652	749.0317	652	720.0293	652	968.0529	652	974.0536	652	998.0563	652	631.0225	652	548.016968	652	561.017761	652	720.0293	652	726.0298
654	664.0249	654	644.023438	654	672.0255	654	713.028748	654	903.0461	654	991.0555	654	973.053467	654	550.0171	654	528.015747	654	564.017944	654	735.0305	654	678.026
656	657.0244	656	642.0233	656	678.026	656	633.022644	656	894.045166	656	920.047852	656	888.044556	656	525.015564	656	567.0182	656	550.0171	656	662.0248	656	689.0268
658	585.019348	658	608.0209	658	695.0273	658	671.025452	658	900.0458	658	886.0444	658	897.0455	658	541.016541	658	550.0171	658	592.0198	658	658.0245	658	651.0239
660	577.0188	660	606.020752	660	687.0267	660	639.0231	660	817.0377	660	836.0395	660	829.0388	660	575.0187	660	535.0162	660	611.0211	660	652.024048	660	575.0187
662	601.0204	662	603.020569	662	668.0252	662	640.023132	662	819.0379	662	888.044556	662	817.0377	662	576.018738	662	588.019531	662	560.0177	662	669.025269	662	671.025452
664	609.020935	664	609.020935	664	675.025757	664	660.0246	664	766.033142	664	830.03894	664	768.0333	664	514.014954	664	552.0172	664	499.014069	664	645.0235	664	640.023132
666	616.0214	666	597.020142	666	630.0224	666	632.0226	666	762.032837	666	719.029236	666	775.033936	666	577.0188	666	584.0193	666	536.016235	666	581.019043	666	615.021362
668	565.018066	668	621.0218	668	620.0217	668	632.0226	668	728.029968	668	723.029541	668	741.031	668	555.0174	668	514.014954	668	507.014526	668	613.02124	668	628.0223
670	568.01825	670	570.0184	670	602.020447	670	602.020447	670	765.0331	670	725.0297	670	721.029358	670	564.017944	670	572.0185	670	548.016968	670	582.019165	670	620.0217
672	583.0192	672	591.0197	672	601.0204	672	622.021851	672	698.0275	672	747.031555	672	723.029541	672	595.02	672	520.015259	672	526.0156	672	586.0194	672	583.0192
674	601.0204	674	562.0178	674	589.0196	674	561.017761	674	702.027832	674	698.0275	674	712.0286	674	574.0186	674	557.0175	674	573.018555	674	604.0206	674	581.019043
676	563.0179	676	559.017639	676	576.018738	676	593.0199	676	712.0286	676	685.0265	676	698.0275	676	508.0146	676	578.01886	676	523.015442	676	608.0209	676	597.020142
678	586.0194	678	553.0173	678	563.0179	678	632.0226	678	636.0228	678	644.023438	678	668.0252	678	509.014648	678	551.017151	678	575.0187	678	584.0193	678	535.0162
680	570.0184	680	529.0158	680	577.0188	680	598.0202	680	641.0232	680	609.020935	680	647.0237	680	518.015137	680	562.0178	680	531.0159	680	544.0167	680	574.0186
682	593.0199	682	567.0182	682	548.016968	682	557.0175	682	608.0209	682	631.0225	682	630.0224	682	549.017	682	551.017151	682	521.0153	682	526.0156	682	554.017334
684	616.0214	684	489.013519	684	581.019043	684	527.0157	684	621.0218	684	602.020447	684	613.02124	684	555.0174	684	537.0163	684	534.0161	684	584.0193	684	595.02
686	534.0161	686	542.0166	686	614.0213	686	575.0187	686	606.020752	686	634.0227	686	633.022644	686	511.01474	686	528.015747	686	534.0161	686	558.0176	686	520.015259
688	598.0202	688	548.016968	688	579.0189	688	545.0168	688	607.0208	688	630.0224	688	605.0207	688	527.0157	688	529.0158	688	535.0162	688	573.018555	688	595.02
690	550.0171	690	559.017639	690	548.016968	690	572.0185	690	578.01886	690	656.0243	690	631.0225	690	495.013855	690	509.014648	690	561.017761	690	580.019	690	573.018555
692	574.0186	692	548.016968	692	576.018738	692	547.0169	692	613.02124	692	588.019531	692	619.021667	692	518.015137	692	548.016968	692	553.0173	692	554.017334	692	594.019958
694	537.0163	694	562.0178	694	574.0186	694	553.0173	694	602.020447	694	627.0222	694	632.0226	694	562.0178	694	563.0179	694	558.0176	694	561.017761	694	535.0162
696	569.0183	696	519.0152	696	601.0204	696	593.0199	696	588.019531	696	594.019958	696	621.0218	696	552.0172	696	541.016541	696	555.0174	696	574.0186	696	550.0171
698	573.018555	698	549.017	698	559.017639	698	549.017	698	573.018555	698	594.019958	698	558.0176	698	547.0169	698	487.0134	698	503.014282	698	554.017334	698	583.0192
700	529.0158	700	533.016052	700	540.0165	700	524.0155	700	587.0195	700	598.0202	700	571.018433	700	557.0175	700	522.0154	700	520.015259	700	578.01886	700	521.0153
</Group>																							
