<Group>
Detector1
10
76		76		76		76		76		76		76		76		76		76	
oct19_1946_2vpp_350rpm_2000cyc_1st	T637388969571434972	oct19_1957_2vpp_300rpm_2000cyc_1st	T637388969571434973	oct19_2010_2vpp_400rpm_4000cyc_1st	T637388969571434974	oct19_2347_2vpp_450rpm_8000cyc_1st	T637388969571434975	oct20_1422_2vpp_400rpm_4000cyc_1st	T637388969571434976	oct20_1529_2vpp_450rpm_8000cyc_1st	T637388969571434977	oct20_1715_2vpp_500rpm_12000cyc_1st	T637388969571434978	oct20_1800_2vpp_500rpm_12000cyc_1st	T637388969571434979	oct20_2010_2vpp_550rpm_60000cyc_1st	T637388969571434980	oct20_2215_2vpp_550rpm_54000cyc_1st	T637388969571434982
X	Y	X	Y	X	Y	X	Y	X	Y	X	Y	X	Y	X	Y	X	Y	X	Y
550	2257.28784	550	5124.4834	550	2009.228	550	5848.93262	550	3731.78662	550	4000.9043	550	4953.386	550	5275.57227	550	6478.37061	550	6550.424
552	2243.28442	552	5776.88525	552	1971.21948	552	4885.348	552	3598.73169	552	3730.78638	552	4157.97656	552	4408.09766	552	5452.67969	552	5747.866
554	2491.35059	554	6703.538	554	2075.24341	554	4866.338	554	3691.77	554	3739.79	554	3759.79858	554	3934.87476	554	5029.42871	554	5443.674
556	2676.40479	556	7882.51	556	2083.245	556	4538.16357	556	3823.826	556	3787.81055	556	3271.60474	556	3701.77417	556	4646.219	556	5315.596
558	3009.51172	558	9175.755	558	2119.25366	558	4380.084	558	3839.833	558	3727.78516	558	2899.47485	558	3236.5918	558	4200.997	558	4996.41
560	3171.56836	560	10286.9766	560	2318.30371	560	3984.897	560	4068.9353	560	3881.85132	560	2414.32935	560	2687.408	560	3943.87866	560	4738.268
562	3277.607	562	11334.2549	562	2265.28979	562	3830.829	562	4225.0083	562	3970.89087	562	2135.25757	562	2431.334	562	3611.73682	562	4518.15332
564	3468.67969	564	12171.3662	564	2410.32813	564	3819.82422	564	4271.03027	564	4046.92529	564	1955.216	564	2163.2644	564	3401.65381	564	4414.10059
566	3660.757	566	12627.0039	566	2461.34229	566	3742.79126	566	4325.05664	566	4094.94727	566	1810.18518	566	2100.24927	566	3271.60474	566	4368.07764
568	3680.76538	568	12894.39	568	2539.36426	568	3807.819	568	4452.11963	568	4330.059	568	1777.17847	568	2028.23242	568	3320.6228	568	4399.09326
570	3781.80786	570	12963.49	570	2487.34961	570	3784.80933	570	4502.145	570	4201.99756	570	1701.16345	570	2001.22632	570	3306.61768	570	4331.05957
572	3598.73169	572	13007.5547	572	2488.34985	572	3629.74438	572	4408.09766	572	4118.9585	572	1730.16907	572	1860.19543	572	2993.50635	572	4370.07861
574	3540.70825	574	12424.7178	574	2422.33154	574	3569.72	574	4249.02	574	4080.941	574	1616.14758	574	1820.18713	574	3038.52148	574	4103.95166
576	3366.64038	576	11727.7676	576	2358.31421	576	3406.65552	576	4151.97363	576	3852.83862	576	1591.14307	576	1685.1604	576	2957.49414	576	4053.92847
578	3304.617	578	11223.1133	578	2174.267	578	3219.58569	578	3976.89355	578	3683.7666	578	1485.12463	578	1647.15332	578	2690.409	578	3704.77539
580	3064.53052	580	10749.5264	580	2111.25171	580	2957.49414	580	3692.77026	580	3498.69141	580	1467.12158	580	1639.15186	580	2664.40112	580	3489.688
582	2825.451	582	9913.551	582	1922.20874	582	2801.44336	582	3535.7063	582	3164.56567	582	1448.11853	582	1548.13538	582	2411.32837	582	3315.621
584	2620.388	584	8808.382	584	1895.20288	584	2591.37939	584	3270.60425	584	3068.532	584	1308.09668	584	1446.11816	584	2302.29956	584	3099.54272
586	2461.34229	586	8187.78662	586	1739.1709	586	2459.3418	586	3022.516	586	2814.44751	586	1272.09143	586	1370.10608	586	2125.25513	586	2750.42749
588	2318.30371	588	7503.17969	588	1636.15125	588	2234.282	588	2767.43262	588	2677.405	588	1225.08484	588	1309.0968	588	1862.19592	588	2657.399
590	2170.266	590	6789.604	590	1541.13416	590	2161.264	590	2559.37	590	2487.34961	590	1206.08215	590	1308.09668	590	1880.19971	590	2398.325
592	1983.22217	592	6246.20361	592	1525.13147	592	2066.24121	592	2443.33716	592	2417.33	592	1164.07654	592	1322.09875	592	1841.19153	592	2358.31421
594	1925.20935	594	5820.914	594	1470.12207	594	1872.198	594	2363.31543	594	2242.284	594	1208.0824	594	1249.08813	594	1850.19336	594	2326.30566
596	1836.19043	596	5154.501	596	1393.10962	596	1757.17444	596	2102.24976	596	2046.23657	596	1137.073	596	1238.08655	596	1663.15625	596	1939.2124
598	1651.154	598	4728.2627	598	1192.08032	598	1580.14111	598	1962.21753	598	1948.21448	598	1070.0647	598	1144.074	598	1517.13	598	1995.22485
600	1513.12939	600	4227.00928	600	1107.06921	600	1498.12683	600	1826.18835	600	1731.16931	600	1029.05981	600	1119.0708	600	1481.1239	600	1841.19153
602	1438.11682	602	3816.823	602	1108.06934	602	1427.11511	602	1796.18225	602	1625.14917	602	1021.0589	602	1024.0592	602	1369.106	602	1645.153
604	1251.08838	604	3576.72266	604	1034.06042	604	1312.09729	604	1671.15784	604	1604.14539	604	959.051941	604	970.053162	604	1323.09888	604	1653.15442
606	1317.098	606	3381.646	606	964.0525	606	1304.09607	606	1581.14124	606	1487.125	606	964.0525	606	958.0519	606	1318.09814	606	1526.13159
608	1241.087	608	3213.5835	608	986.054932	608	1235.08618	608	1540.134	608	1417.1134	608	959.051941	608	975.0537	608	1251.08838	608	1403.11121
610	1139.07336	610	3017.5144	610	921.0479	610	1158.07581	610	1477.12329	610	1450.11877	610	872.042969	610	882.043945	610	1228.08521	610	1443.11768
612	1180.07874	612	2800.443	612	933.0492	612	1188.07971	612	1451.119	612	1317.098	612	948.0508	612	1003.05682	612	1179.07849	612	1435.11633
614	1117.07056	614	2775.435	614	951.0511	614	1101.06848	614	1433.11609	614	1331.1001	614	909.0467	614	919.0477	614	1202.08167	614	1294.0946
616	1069.06458	616	2570.37329	616	835.039368	616	1024.0592	616	1347.10254	616	1247.08789	616	841.04	616	912.047	616	1119.0708	616	1238.08655
618	1049.06213	618	2490.35034	618	876.043335	618	1022.059	618	1360.10449	618	1269.091	618	837.0396	618	909.0467	618	1068.06445	618	1190.08
620	1010.05762	620	2387.322	620	839.0398	620	991.0555	620	1162.07629	620	1252.08862	620	857.0415	620	849.0407	620	1031.06	620	1238.08655
622	952.0512	622	2281.294	622	803.036438	622	985.0548	622	1209.08264	622	1210.08276	622	824.0384	622	840.039856	622	1047.06189	622	1192.08032
624	973.053467	624	2081.24463	624	791.035339	624	989.0553	624	1220.08411	624	1113.07	624	833.0392	624	847.0405	624	1000.05652	624	1121.071
626	924.0482	626	2057.239	626	757.032349	626	905.046265	626	1168.077	626	1150.07471	626	863.042053	626	856.0414	626	1040.06116	626	1137.073
628	863.042053	628	1929.21033	628	734.030457	628	852.041	628	1132.07239	628	1178.07837	628	787.035	628	840.039856	628	969.05304	628	1030.05994
630	879.04364	630	1873.19824	630	691.027	630	883.044067	630	1121.071	630	1097.068	630	812.037231	630	829.0388	630	954.051453	630	1033.0603
632	802.0363	632	1710.16528	632	744.03125	632	809.037	632	1091.06726	632	1037.06079	632	781.0345	632	789.035156	632	871.042847	632	992.0556
634	852.041	634	1572.13965	634	684.0264	634	831.039	634	1054.06274	634	992.0556	634	791.035339	634	828.038757	634	904.0462	634	960.052063
636	827.038635	636	1592.14319	636	696.027344	636	802.0363	636	976.053833	636	943.050232	636	716.029	636	791.035339	636	872.042969	636	935.0494
638	808.036865	638	1374.10669	638	680.0261	638	753.032043	638	977.053955	638	951.0511	638	784.0347	638	721.029358	638	854.0412	638	923.048157
640	723.029541	640	1361.10461	640	673.0256	640	792.035461	640	913.0471	640	972.0534	640	747.031555	640	777.0341	640	825.038452	640	955.0515
642	733.030334	642	1265.09045	642	655.024231	642	724.0296	642	891.044861	642	913.0471	642	765.0331	642	806.0367	642	839.0398	642	904.0462
644	722.0295	644	1224.08459	644	606.020752	644	758.0325	644	887.044434	644	933.0492	644	781.0345	644	760.032654	644	832.0391	644	940.0499
646	706.028137	646	1183.0791	646	635.022766	646	742.0311	646	955.0515	646	910.0468	646	739.0309	646	810.037048	646	826.0386	646	883.044067
648	690.0269	648	1060.06348	648	612.0212	648	711.028564	648	832.0391	648	823.038269	648	748.0316	648	784.0347	648	825.038452	648	859.0417
650	659.024536	650	1074.06519	650	598.0202	650	684.0264	650	898.0456	650	853.041138	650	752.032	650	710.0285	650	856.0414	650	774.0339
652	638.023	652	921.0479	652	651.0239	652	639.0231	652	870.0428	652	835.039368	652	690.0269	652	742.0311	652	806.0367	652	821.0381
654	634.0227	654	982.0545	654	563.0179	654	684.0264	654	761.0327	654	833.0392	654	710.0285	654	744.03125	654	764.032959	654	771.033569
656	568.01825	656	847.0405	656	545.0168	656	660.0246	656	792.035461	656	805.0366	656	705.0281	656	721.029358	656	734.030457	656	697.027466
658	627.0222	658	804.0365	658	582.019165	658	677.0259	658	832.0391	658	805.0366	658	676.0258	658	730.0301	658	718.0291	658	778.0342
660	638.023	660	891.044861	660	591.0197	660	636.0228	660	777.0341	660	791.035339	660	738.030762	660	757.032349	660	731.0302	660	774.0339
662	597.020142	662	771.033569	662	561.017761	662	627.0222	662	770.0335	662	709.0284	662	711.028564	662	722.0295	662	777.0341	662	750.0318
664	538.016357	664	711.028564	664	599.020264	664	647.0237	664	779.0343	664	749.0317	664	736.0306	664	713.028748	664	741.031	664	727.029846
666	609.020935	666	687.0267	666	580.019	666	616.0214	666	795.0357	666	812.037231	666	728.029968	666	747.031555	666	725.0297	666	698.0275
668	602.020447	668	676.0258	668	527.0157	668	615.021362	668	742.0311	668	758.0325	668	728.029968	668	712.0286	668	691.027	668	655.024231
670	589.0196	670	685.0265	670	542.0166	670	609.020935	670	744.03125	670	757.032349	670	722.0295	670	680.0261	670	749.0317	670	751.03186
672	578.01886	672	668.0252	672	559.017639	672	609.020935	672	686.0266	672	765.0331	672	700.0277	672	720.0293	672	730.0301	672	758.0325
674	606.020752	674	688.026733	674	543.016663	674	629.022339	674	732.0303	674	779.0343	674	763.0329	674	691.027	674	754.0321	674	659.024536
676	582.019165	676	677.0259	676	599.020264	676	586.0194	676	757.032349	676	717.029053	676	722.0295	676	694.0272	676	703.027954	676	683.026367
678	573.018555	678	662.0248	678	560.0177	678	587.0195	678	721.029358	678	764.032959	678	676.0258	678	762.032837	678	694.0272	678	699.0276
680	548.016968	680	614.0213	680	524.0155	680	606.020752	680	738.030762	680	729.03	680	701.0278	680	728.029968	680	667.025146	680	733.030334
682	544.0167	682	584.0193	682	560.0177	682	592.0198	682	687.0267	682	678.026	682	695.0273	682	695.0273	682	717.029053	682	725.0297
684	542.0166	684	632.0226	684	559.017639	684	572.0185	684	724.0296	684	737.0307	684	688.026733	684	689.0268	684	713.028748	684	679.026062
686	558.0176	686	620.0217	686	554.017334	686	577.0188	686	768.0333	686	699.0276	686	741.031	686	691.027	686	683.026367	686	726.0298
688	583.0192	688	576.018738	688	536.016235	688	578.01886	688	722.0295	688	708.0283	688	742.0311	688	688.026733	688	697.027466	688	668.0252
690	558.0176	690	572.0185	690	543.016663	690	560.0177	690	730.0301	690	717.029053	690	728.029968	690	710.0285	690	707.028259	690	636.0228
692	595.02	692	623.0219	692	524.0155	692	600.0203	692	742.0311	692	707.028259	692	750.0318	692	747.031555	692	710.0285	692	676.0258
694	554.017334	694	602.020447	694	525.015564	694	596.0201	694	719.029236	694	681.0262	694	686.0266	694	678.026	694	751.03186	694	670.0254
696	526.0156	696	578.01886	696	513.0149	696	542.0166	696	689.0268	696	682.0263	696	713.028748	696	704.028	696	679.026062	696	677.0259
698	519.0152	698	574.0186	698	503.014282	698	554.017334	698	753.032043	698	691.027	698	718.0291	698	687.0267	698	697.027466	698	676.0258
700	510.0147	700	602.020447	700	561.017761	700	544.0167	700	714.0288	700	714.0288	700	660.0246	700	689.0268	700	672.0255	700	710.0285
</Group>
