<Group>																																			
Detector1																																			
18																																			
76		76		76		76		76		76		76		76		76		76		76		76		76		76		76		76		76		76	
sol_1st_D1 540:550-700	T637376758107045717	sol_2nd_D1 540:550-700(2)	T637376758107046164	sol_3rd_D1 540:550-700	T637376758107049279	ORIE6_1st_D1 540:550-700	T637376758107046609	ORIE6_2nd_D1 540:550-700	T637376758107048389	ORIE6_3rdt_D1 540:550-700	T637376758107048834	ORIE5_1st_D1 540:550-700	T637376758107047054	ORIE5_2nd_D1 540:550-700	T637376758107047499	ORIE5_3rd_D1 540:550-700	T637376758107047944	ORIE4_1st_D1 540:550-700	T637376758107049724	ORIE4_2nd_D1 540:550-700	T637376758107050169	ORIE4_3rd_D1 540:550-700	T637376758107050614	ORIE3_1st_D1 540:550-700	T637376758107051059	ORIE3_2nd_D1 540:550-700	T637376758107051504	ORIE3_3rd_D1 540:550-700	T637376758107051949	ORIE2_1st_D1 540:550-700	T637376758107052394	ORIE2_2nd_D1 540:550-700	T637376758107052839	ORIE2_3rd_D1 540:550-700	T637376758107053284
X	Y	X	Y	X	Y	X	Y	X	Y	X	Y	X	Y	X	Y	X	Y	X	Y	X	Y	X	Y	X	Y	X	Y	X	Y	X	Y	X	Y	X	Y
550	2469.34448	550	2516.35767	550	2337.30859	550	2442.337	550	2319.304	550	2230.281	550	2867.4646	550	2541.365	550	2384.32129	550	4773.287	550	4946.38232	550	4857.333	550	28738.6133	550	28763.6953	550	28459.7129	550	228229.891	550	235398.219	550	230152.031
552	1954.2157	552	1916.2074	552	1901.20422	552	2018.2301	552	1939.2124	552	1886.201	552	2362.31519	552	2089.24658	552	2126.25537	552	5065.449	552	5319.59863	552	5203.5293	552	35778.2266	552	35731.0352	552	35363.5625	552	291697.031	552	299068	552	291939.9
554	1730.16907	554	1791.18127	554	1716.16638	554	1800.18311	554	1782.17944	554	1677.15894	554	2236.28247	554	2027.23218	554	1974.22021	554	5899.96631	554	6032.055	554	5889.95947	554	44340.9	554	43788.1563	554	43395.2227	554	364681.938	554	373182	554	365384.3
556	1508.12854	556	1580.14111	556	1555.1366	556	1634.15088	556	1565.13843	556	1535.13318	556	2127.25562	556	2011.22852	556	1984.22241	556	6697.53369	556	6803.61475	556	6830.63525	556	53711.67	556	53488.32	556	52677.4727	556	447227.719	556	452269.563	556	447781
558	1279.09241	558	1339.10132	558	1228.08521	558	1401.111	558	1279.09241	558	1390.10913	558	1954.2157	558	1864.19629	558	1875.19861	558	7317.024	558	7557.226	558	7222.947	558	62714.7	558	62547.52	558	62018.8125	558	531813.3	558	535823	558	529751.25
560	1105.069	560	1132.07239	560	1073.06506	560	1174.07788	560	1124.07141	560	1154.0752	560	1722.1676	560	1783.17969	560	1698.163	560	8132.736	560	8156.758	560	8214.812	560	71967.84	560	71594.83	560	71158.32	560	621300.25	560	615228.5	560	612797.563
562	919.0477	562	964.0525	562	974.0536	562	1020.05878	562	931.04895	562	984.0547	562	1686.16064	562	1719.167	562	1670.15759	562	8846.42	562	8934.509	562	8799.373	562	79254.8359	562	79217.51	562	79575.7	562	697641.1	562	689742.6	562	686499
564	814.0374	564	864.0422	564	854.0412	564	924.0482	564	914.0472	564	914.0472	564	1748.17261	564	1655.15479	564	1625.14917	564	9477.072	564	9595.2	564	9518.117	564	86094.44	564	85437.09	564	85846.04	564	764647.5	564	754089.3	564	752581.25
566	796.0358	566	762.032837	566	787.035	566	912.047	566	858.0416	566	874.043152	566	1663.15625	566	1582.14148	566	1650.15381	566	9934.574	566	9859.49	566	9887.521	566	91076.0547	566	90567.87	566	90643.64	566	807489.8	566	802344.5	566	798755.063
568	781.0345	568	750.0318	568	715.0289	568	816.0376	568	768.0333	568	806.0367	568	1707.16467	568	1635.151	568	1594.14355	568	10027.6787	568	9971.616	568	9891.526	568	94494.71	568	93271.8047	568	92883.75	568	839146.1	568	830963.3	568	828361.438
570	724.0296	570	687.0267	570	725.0297	570	779.0343	570	781.0345	570	790.0353	570	1626.14941	570	1621.14844	570	1650.15381	570	9942.583	570	10303.9961	570	10245.9287	570	94838.37	570	94581.63	570	94753.46	570	852598.4	570	843394.4	570	840196.2
572	621.0218	572	678.026	572	657.0244	572	750.0318	572	778.0342	572	738.030762	572	1621.14844	572	1612.14685	572	1546.135	572	9864.496	572	10023.6748	572	9999.647	572	93983.3	572	92797.85	572	93148.5156	572	848979.7	572	839410	572	832471.563
574	692.027039	574	587.0195	574	635.022766	574	785.0348	574	775.033936	574	726.0298	574	1556.13684	574	1590.14282	574	1491.12561	574	9615.222	574	9608.214	574	9528.128	574	90908.3359	574	90794.17	574	90754.77	574	824537.5	574	814583	574	812571.3
576	660.0246	576	683.026367	576	665.024963	576	735.0305	576	763.0329	576	702.027832	576	1487.125	576	1562.13782	576	1485.12463	576	9142.721	576	9321.908	576	9154.733	576	87641.55	576	86451.91	576	86722.54	576	788701.563	576	783290.75	576	777484.6
578	690.0269	578	650.023865	578	644.023438	578	708.0283	578	687.0267	578	719.029236	578	1430.1156	578	1482.12415	578	1411.11255	578	8831.405	578	8780.35449	578	8821.39551	578	82376.21	578	81500.14	578	81442.61	578	745755.1	578	740108.438	578	732466.4
580	664.0249	580	665.024963	580	615.021362	580	669.025269	580	720.0293	580	698.0275	580	1333.10046	580	1358.10425	580	1366.10547	580	8236.832	580	8288.881	580	8088.69531	580	76792.22	580	75092.7	580	76102.29	580	694004.1	580	692537.6	580	682728.25
582	612.0212	582	608.0209	582	651.0239	582	651.0239	582	695.0273	582	686.0266	582	1256.08911	582	1260.08972	582	1337.101	582	7629.2876	582	7762.40332	582	7595.2583	582	70714.78	582	70068.6641	582	69925.53	582	637473.5	582	641340.063	582	630329.7
584	586.0194	584	653.0241	584	591.0197	584	682.0263	584	687.0267	584	653.0241	584	1227.08508	584	1224.08459	584	1281.09277	584	6971.74561	584	6906.69434	584	6963.73926	584	64981.9961	584	64441.0547	584	63615.1	584	586658.9	584	586518.9	584	579924.3
586	623.0219	586	596.0201	586	571.018433	586	652.024048	586	663.024841	586	671.025452	586	1116.07043	586	1246.08777	586	1186.07947	586	6350.278	586	6401.31445	586	6404.317	586	59045.543	586	58372.09	586	58089.2344	586	532499.3	586	536643.25	586	526478.7
588	607.0208	588	592.0198	588	613.02124	588	664.0249	588	698.0275	588	638.023	588	1114.07007	588	1042.0614	588	1072.065	588	5926.98438	588	5792.89551	588	6023.04932	588	53731.793	588	53125.14	588	52151.3672	588	479517.969	588	485605	588	475321.563
590	618.0216	590	679.026062	590	657.0244	590	664.0249	590	673.0256	590	621.0218	590	1020.05878	590	1091.06726	590	1126.07166	590	5398.64648	590	5520.72168	590	5323.601	590	48086.41	590	47521.3633	590	47031.7578	590	430098.344	590	435595.75	590	428361.1
592	711.028564	592	791.035339	592	739.0309	592	729.03	592	750.0318	592	719.029236	592	1197.08093	592	1157.07568	592	1125.07153	592	4941.37939	592	4958.38867	592	4923.369	592	43223.3867	592	42838.52	592	42098.9766	592	388276.656	592	392222.9	592	386075.4
594	769.0334	594	769.0334	594	780.034363	594	763.0329	594	752.032	594	743.0312	594	1118.07068	594	1071.06482	594	1120.07092	594	4612.20166	594	4623.20752	594	4603.197	594	39184.625	594	38609.1	594	38474.5156	594	350719.844	594	353966.563	594	350541.938
596	663.024841	596	667.025146	596	650.023865	596	701.0278	596	740.030945	596	721.029358	596	981.0544	596	970.053162	596	1042.0614	596	4123.961	596	4127.9624	596	4124.96143	596	34934.8633	596	34478.08	596	34196.99	596	318314.781	596	317767.469	596	314520.531
598	621.0218	598	622.021851	598	624.022	598	605.0207	598	645.0235	598	652.024048	598	950.051	598	908.0466	598	955.0515	598	3753.79614	598	3795.814	598	3677.76416	598	31812.11	598	31612.3965	598	31390.6074	598	287537.1	598	285896.8	598	284872.281
600	590.019653	600	622.021851	600	593.0199	600	694.0272	600	620.0217	600	650.023865	600	933.0492	600	885.04425	600	902.045959	600	3413.6582	600	3365.64	600	3412.658	600	28721.5586	600	28436.6387	600	28682.4316	600	258638.969	600	258062.375	600	258646.172
602	586.0194	602	595.02	602	579.0189	602	644.023438	602	609.020935	602	600.0203	602	832.0391	602	850.040833	602	836.0395	602	3134.55518	602	3202.57935	602	3110.54663	602	26196.7363	602	26068.3574	602	25980.0977	602	235756.641	602	234291.234	602	236555.672
604	626.022156	604	607.0208	604	614.0213	604	608.0209	604	606.020752	604	571.018433	604	810.037048	604	792.035461	604	834.0393	604	2922.48242	604	2957.49414	604	3046.52441	604	23915.2852	604	24136.8867	604	23971.4375	604	216214.938	604	214773.25	604	215331.656
606	590.019653	606	553.0173	606	611.0211	606	585.019348	606	572.0185	606	584.0193	606	795.0357	606	841.04	606	760.032654	606	2702.4126	606	2736.423	606	2842.45654	606	21951.2031	606	21787.7988	606	22053.457	606	199681.969	606	197635.547	606	198865.8
608	598.0202	608	610.021	608	564.017944	608	577.0188	608	599.020264	608	589.0196	608	737.0307	608	799.0361	608	803.036438	608	2594.38037	608	2633.39185	608	2579.376	608	20876.6055	608	20400.4961	608	20707.207	608	186233.922	608	184557.156	608	184061.953
610	608.0209	610	563.0179	610	578.01886	610	600.0203	610	586.0194	610	535.0162	610	806.0367	610	774.0339	610	793.0355	610	2454.34033	610	2479.34717	610	2347.31128	610	19225.87	610	19269.9648	610	19523.52	610	173220.3	610	171804.969	610	171697.9
612	630.0224	612	628.0223	612	655.024231	612	637.022949	612	630.0224	612	630.0224	612	802.0363	612	795.0357	612	797.0359	612	2404.32666	612	2447.33838	612	2353.313	612	18269.8457	612	18066.43	612	18342.998	612	163413.531	612	161034.313	612	162485.6
614	598.0202	614	532.016	614	548.016968	614	576.018738	614	656.0243	614	623.0219	614	765.0331	614	764.032959	614	716.029	614	2197.27271	614	2232.28149	614	2310.30151	614	17065.4434	614	16960.2422	614	17665.6211	614	153249.3	614	151587.922	614	152255.281
616	595.02	616	566.0181	616	552.0172	616	552.0172	616	629.022339	616	594.019958	616	696.027344	616	721.029358	616	718.0291	616	2051.23779	616	2112.252	616	2173.26685	616	15927.3242	616	16301.0039	616	16393.1738	616	145409.109	616	144150.688	616	144568.453
618	544.0167	618	523.015442	618	530.015869	618	531.0159	618	548.016968	618	586.0194	618	722.0295	618	716.029	618	681.0262	618	2054.23853	618	1969.21912	618	2033.23352	618	15371.3418	618	15210.0635	618	15507.5791	618	137671.328	618	136046.4	618	136346.984
620	522.0154	620	555.0174	620	504.014343	620	588.019531	620	526.0156	620	547.0169	620	715.0289	620	705.0281	620	649.0238	620	1872.198	620	1942.21313	620	2011.22852	620	14525.915	620	14544.9463	620	14478.8379	620	129027.055	620	128488.273	620	129482.664
622	556.017456	622	565.018066	622	496.0139	622	607.0208	622	571.018433	622	598.0202	622	718.0291	622	686.0266	622	648.023743	622	1778.17859	622	1912.20654	622	1855.19446	622	13562.3877	622	13620.4766	622	13734.6523	622	121514.461	622	121136.313	622	122380.313
624	538.016357	624	553.0173	624	550.0171	624	585.019348	624	558.0176	624	568.01825	624	715.0289	624	637.022949	624	674.0257	624	1723.16772	624	1879.19946	624	1778.17859	624	12761.1963	624	13085.67	624	12910.4131	624	114101.43	624	113439.984	624	114106.492
626	509.014648	626	537.0163	626	547.0169	626	528.015747	626	512.014832	626	547.0169	626	680.0261	626	667.025146	626	643.0234	626	1759.1748	626	1696.1626	626	1769.17688	626	12148.335	626	11899.9971	626	12207.416	626	106647.031	626	105714.914	626	106974.969
628	576.018738	628	513.0149	628	528.015747	628	556.017456	628	607.0208	628	537.0163	628	643.0234	628	616.0214	628	663.024841	628	1581.14124	628	1559.13733	628	1687.16077	628	11297.208	628	11194.0771	628	11412.3555	628	99499.2656	628	98862.1641	628	98489.03
630	557.0175	630	575.0187	630	508.0146	630	546.016846	630	578.01886	630	530.015869	630	644.023438	630	617.0215	630	618.0216	630	1544.13477	630	1512.12915	630	1635.151	630	10459.1787	630	10478.2012	630	10472.1934	630	91941.96	630	91548.91	630	90516.34
632	558.0176	632	556.017456	632	537.0163	632	579.0189	632	582.019165	632	609.020935	632	683.026367	632	689.0268	632	633.022644	632	1442.11755	632	1442.11755	632	1427.11511	632	9710.325	632	9637.246	632	9748.367	632	84248.76	632	84644.5156	632	83737.94
634	548.016968	634	538.016357	634	537.0163	634	564.017944	634	553.0173	634	538.016357	634	635.022766	634	625.0221	634	676.0258	634	1417.1134	634	1338.1012	634	1451.119	634	8788.362	634	8856.431	634	8936.511	634	77687	634	77514.49	634	76789.1953
636	541.016541	636	541.016541	636	549.017	636	547.0169	636	526.0156	636	537.0163	636	564.017944	636	657.0244	636	588.019531	636	1259.0896	636	1242.08716	636	1295.09473	636	8230.826	636	8334.924	636	8150.75244	636	71175.46	636	70995.0156	636	70915.38
638	509.014648	638	568.01825	638	514.014954	638	527.0157	638	551.017151	638	562.0178	638	626.022156	638	607.0208	638	594.019958	638	1270.09119	638	1350.103	638	1215.08337	638	7570.237	638	7569.23633	638	7635.293	638	64813.77	638	64506.53	638	63541.5742
640	549.017	640	531.0159	640	538.016357	640	560.0177	640	513.0149	640	551.017151	640	602.020447	640	587.0195	640	590.019653	640	1160.076	640	1203.08179	640	1104.06885	640	6752.57568	640	6798.611	640	6982.75439	640	58773.74	640	58906.62	640	58147.6172
642	519.0152	642	515.015	642	537.0163	642	574.0186	642	517.0151	642	569.0183	642	590.019653	642	587.0195	642	602.020447	642	1099.06824	642	1112.06982	642	1119.0708	642	6039.06	642	6081.089	642	6376.29639	642	52365.625	642	52950.0938	642	52024.62
644	577.0188	644	528.015747	644	551.017151	644	573.018555	644	605.0207	644	536.016235	644	607.0208	644	612.0212	644	632.0226	644	1086.06665	644	1041.06128	644	1018.05853	644	5668.81543	644	5501.71	644	5409.65332	644	47090.0664	644	47556.5547	644	47276.0547
646	583.0192	646	559.017639	646	512.014832	646	504.014343	646	527.0157	646	539.0164	646	593.0199	646	559.017639	646	580.019	646	1049.06213	646	1032.06018	646	978.054	646	5125.484	646	5054.44336	646	5109.47461	646	42448.6445	646	42697.84	646	42474.77
648	563.0179	648	553.0173	648	550.0171	648	561.017761	648	542.0166	648	581.019043	648	543.016663	648	583.0192	648	522.0154	648	956.051636	648	938.049744	648	936.0495	648	4627.20947	648	4543.166	648	4676.23535	648	38616.13	648	38141.0742	648	38338.93
650	538.016357	650	548.016968	650	550.0171	650	530.015869	650	501.0142	650	496.0139	650	556.017456	650	583.0192	650	543.016663	650	843.040161	650	901.0459	650	914.0472	650	4210.00146	650	4124.96143	650	4190.992	650	34505.1836	650	34376.6836	650	34297.375
652	509.014648	652	511.01474	652	509.014648	652	516.015	652	551.017151	652	510.0147	652	594.019958	652	567.0182	652	551.017151	652	892.045	652	858.0416	652	877.043457	652	3790.81177	652	3777.80615	652	3925.87061	652	30818.6016	652	30817.5977	652	30718.252
654	530.015869	654	515.015	654	545.0168	654	510.0147	654	574.0186	654	525.015564	654	597.020142	654	543.016663	654	558.0176	654	756.0323	654	880.043762	654	831.039	654	3539.70776	654	3535.7063	654	3543.70947	654	27357.2422	654	27760.4961	654	27642.127
656	573.018555	656	601.0204	656	544.0167	656	547.0169	656	474.0127	656	519.0152	656	586.0194	656	548.016968	656	537.0163	656	828.038757	656	859.0417	656	782.034546	656	3234.591	656	3127.55249	656	3126.55225	656	25044.4043	656	24875.93	656	24897.9922
658	528.015747	658	523.015442	658	508.0146	658	565.018066	658	531.0159	658	496.0139	658	560.0177	658	541.016541	658	544.0167	658	777.0341	658	812.037231	658	786.0349	658	2929.48486	658	2865.46387	658	2985.50366	658	22678.0332	658	22583.793	658	22293.0566
660	524.0155	660	515.015	660	581.019043	660	501.0142	660	558.0176	660	538.016357	660	558.0176	660	557.0175	660	566.0181	660	736.0306	660	760.032654	660	705.0281	660	2564.37158	660	2696.41064	660	2681.40625	660	20208.0547	660	20140.9023	660	20364.4141
662	523.015442	662	521.0153	662	525.015564	662	558.0176	662	538.016357	662	506.014465	662	532.016	662	548.016968	662	584.0193	662	667.025146	662	730.0301	662	719.029236	662	2454.34033	662	2429.3335	662	2604.3833	662	18267.8418	662	18450.22	662	18092.4824
664	523.015442	664	511.01474	664	548.016968	664	535.0162	664	544.0167	664	516.015	664	552.0172	664	536.016235	664	571.018433	664	687.0267	664	700.0277	664	679.026062	664	2207.27515	664	2303.2998	664	2256.2876	664	16437.2559	664	16520.41	664	16501.375
666	574.0186	666	556.017456	666	564.017944	666	577.0188	666	501.0142	666	531.0159	666	516.015	666	524.0155	666	556.017456	666	664.0249	666	693.027161	666	730.0301	666	2148.26074	666	2109.25146	666	2044.23608	666	14991.6914	666	15208.0605	666	15030.7578
668	500.01413	668	538.016357	668	557.0175	668	513.0149	668	518.015137	668	515.015	668	577.0188	668	542.0166	668	506.014465	668	685.0265	668	650.023865	668	631.0225	668	2023.23132	668	1970.21936	668	1906.20532	668	13461.2324	668	13811.7725	668	13704.6064
670	507.014526	670	478.0129	670	506.014465	670	544.0167	670	528.015747	670	541.016541	670	570.0184	670	531.0159	670	514.014954	670	646.02356	670	632.0226	670	630.0224	670	1832.1897	670	1798.18262	670	1840.19128	670	12420.7129	670	12644.0283	670	12483.8008
672	533.016052	672	561.017761	672	532.016	672	597.020142	672	542.0166	672	508.0146	672	518.015137	672	515.015	672	560.0177	672	609.020935	672	677.0259	672	640.023132	672	1712.16565	672	1671.15784	672	1734.16992	672	11572.5635	672	11524.501	672	11497.4658
674	510.0147	674	551.017151	674	518.015137	674	495.013855	674	524.0155	674	497.013947	674	518.015137	674	541.016541	674	571.018433	674	668.0252	674	647.0237	674	650.023865	674	1587.14233	674	1586.14209	674	1545.13489	674	10712.4814	674	10740.5146	674	10483.207
676	525.015564	676	541.016541	676	518.015137	676	548.016968	676	485.0133	676	525.015564	676	524.0155	676	540.0165	676	513.0149	676	617.0215	676	606.020752	676	623.0219	676	1497.12659	676	1526.13159	676	1489.12524	676	9695.309	676	10029.6816	676	9761.382
678	538.016357	678	486.013336	678	512.014832	678	530.015869	678	521.0153	678	535.0162	678	509.014648	678	557.0175	678	532.016	678	589.0196	678	621.0218	678	652.024048	678	1499.127	678	1454.11951	678	1438.11682	678	8916.49	678	8987.5625	678	9157.736
680	535.0162	680	522.0154	680	529.0158	680	532.016	680	516.015	680	510.0147	680	523.015442	680	506.014465	680	542.0166	680	598.0202	680	650.023865	680	586.0194	680	1257.08923	680	1401.111	680	1376.10693	680	8183.78271	680	8328.918	680	8331.921
682	513.0149	682	476.0128	682	504.014343	682	491.0136	682	542.0166	682	500.01413	682	544.0167	682	489.013519	682	510.0147	682	598.0202	682	585.019348	682	640.023132	682	1331.1001	682	1256.08911	682	1313.09741	682	7510.186	682	7791.42871	682	7596.25928
684	495.013855	684	526.0156	684	487.0134	684	488.013458	684	496.0139	684	510.0147	684	541.016541	684	596.0201	684	570.0184	684	572.0185	684	590.019653	684	591.0197	684	1260.08972	684	1248.088	684	1220.08411	684	6964.73975	684	7213.93945	684	7195.925
686	492.013672	686	535.0162	686	475.012756	686	504.014343	686	541.016541	686	496.0139	686	522.0154	686	502.014252	686	544.0167	686	595.02	686	591.0197	686	582.019165	686	1172.07764	686	1181.07886	686	1090.06714	686	6431.33643	686	6544.41943	686	6671.514
688	574.0186	688	541.016541	688	593.0199	688	531.0159	688	512.014832	688	535.0162	688	540.0165	688	543.016663	688	588.019531	688	577.0188	688	543.016663	688	532.016	688	1068.06445	688	1151.07483	688	1128.0719	688	6083.09033	688	6135.126	688	6091.0957
690	525.015564	690	531.0159	690	538.016357	690	479.01297	690	543.016663	690	566.0181	690	489.013519	690	468.0124	690	532.016	690	529.0158	690	602.020447	690	577.0188	690	1057.06311	690	1174.07788	690	1040.06116	690	5805.9043	690	5606.776	690	5640.79736
692	545.0168	692	526.0156	692	515.015	692	533.016052	692	560.0177	692	502.014252	692	556.017456	692	537.0163	692	549.017	692	572.0185	692	580.019	692	553.0173	692	1018.05853	692	1041.06128	692	1001.05664	692	5200.528	692	5207.53174	692	5264.56543
694	504.014343	694	523.015442	694	554.017334	694	519.0152	694	513.0149	694	535.0162	694	546.016846	694	517.0151	694	510.0147	694	580.019	694	584.0193	694	551.017151	694	987.055054	694	1027.05957	694	1000.05652	694	4783.29248	694	4942.38	694	4961.39063
696	492.013672	696	568.01825	696	503.014282	696	540.0165	696	494.0138	696	512.014832	696	513.0149	696	488.013458	696	570.0184	696	596.0201	696	555.0174	696	574.0186	696	958.0519	696	1001.05664	696	989.0553	696	4589.19	696	4461.124	696	4522.15527
698	529.0158	698	518.015137	698	507.014526	698	490.01358	698	511.01474	698	552.0172	698	550.0171	698	521.0153	698	512.014832	698	563.0179	698	519.0152	698	541.016541	698	881.0439	698	925.04834	698	945.0505	698	4265.028	698	4086.9436	698	4148.97266
700	526.0156	700	476.0128	700	490.01358	700	494.0138	700	511.01474	700	518.015137	700	511.01474	700	494.0138	700	518.015137	700	543.016663	700	540.0165	700	512.014832	700	859.0417	700	884.0441	700	911.0469	700	4027.9165	700	3857.84082	700	3890.85522
</Group>																																			
