<Group>																					
Detector1																					
11																					
76		76		76		76		76		76		76		76		76		76		76	
oct14_1428_1.25vpp_300rpm_2200cyc_1st	T637382824307704165	oct14_1832_1.75vpp_300rpm_2200cyc_1st	T637382824307704673	oct14_1857_1.75vpp_300rpm_1000cyc_1st	T637382824307705118	oct14_1919_1.75vpp_300rpm_400cyc_1st	T637382824307705563	oct14_2021_1.75vpp_300rpm_1600cyc_1st	T637382824307706008	oct14_2045_1.75vpp_300rpm_1600cyc_1st	T637382824307706454	oct15_0100_2vpp_300rpm_2000cyc_1st	T637382824307706899	oct15_0120_2vpp_350rpm_2000cyc_1st	T637382824307707344	oct15_0142_2vpp_400rpm_2000cyc_1st	T637382824307707789	oct15_0204_2vpp_450rpm_6000cyc_1st	T637382824307708234	oct15_0258_2vpp_500rpm_12000cyc_1st	T637382824307708679
X	Y	X	Y	X	Y	X	Y	X	Y	X	Y	X	Y	X	Y	X	Y	X	Y	X	Y
550	7279.99365	550	7879.507	550	5018.423	550	5606.776	550	8039.651	550	7042.802	550	15624.7852	550	3661.75757	550	3117.549	550	4168.982	550	4835.321
552	7751.39355	552	8820.395	552	4922.36865	552	5122.48242	552	8595.173	552	7187.91846	552	18500.3242	552	3600.73242	552	2697.41113	552	3664.75879	552	4061.93213
554	8550.129	554	10423.1357	554	5348.616	554	4907.36035	554	9445.038	554	7800.437	554	22446.4434	554	3752.79565	554	2678.40527	554	3732.787	554	3956.88452
556	9432.024	556	12087.251	556	5778.886	556	4822.31348	556	10779.5625	556	8451.034	556	26553.7988	556	4169.98242	556	2770.43359	556	3704.77539	556	3754.79639
558	10249.9336	558	13432.1885	558	6438.34131	558	4722.26	558	11810.8779	558	9206.787	558	31016.291	558	4349.06836	558	2493.35132	558	3641.74927	558	3346.63281
560	11253.1514	560	14724.2422	560	6459.357	560	4457.122	560	12723.1416	560	9833.461	560	34831.457	560	4394.091	560	2503.354	560	3661.75757	560	3147.55957
562	11960.0781	562	16178.78	562	6968.743	562	4567.178	562	13881.8818	562	10516.2461	562	38268.625	562	4768.284	562	2398.325	562	3630.74463	562	2965.49683
564	12566.9189	564	17472.2363	564	7402.09473	564	4548.16846	564	14632.09	564	11123.9883	564	41196.7422	564	4817.311	564	2457.341	564	3753.79614	564	2961.49536
566	13020.5742	566	18299.9082	566	7594.258	566	4638.21533	566	15203.0518	566	11201.0859	566	43362.0625	566	5099.46875	566	2517.358	566	3765.801	566	2866.464
568	13269.9443	568	18837.0332	568	7742.38574	568	4612.20166	568	15455.4883	568	11523.499	568	44440.4	568	5123.483	568	2508.35547	568	3778.80664	568	2688.4082
570	13119.7207	570	19044.4766	570	7879.507	570	4621.20654	570	15359.3213	570	11523.499	570	45603.3	570	5213.53564	570	2418.33032	570	3799.81567	570	2761.431
572	13323.0234	572	18485.293	572	7760.402	572	4301.045	572	15415.4189	572	11236.13	572	44660.5039	572	4962.391	572	2474.346	572	3650.753	572	2602.38257
574	12796.2471	574	17964.22	574	7469.15137	574	4407.097	574	15053.7969	574	11159.0322	574	43218.36	574	4941.37939	574	2370.31738	574	3550.71216	574	2578.37549
576	12393.6748	576	17269.84	576	7230.95361	576	4168.982	576	14329.5957	576	10598.3438	576	41732.2461	576	4605.198	576	2317.30347	576	3445.67065	576	2500.35327
578	11670.6924	578	16148.7256	578	6765.58545	578	3931.87329	578	13228.8828	578	9982.628	578	39184.625	578	4382.085	578	2183.26929	578	3152.56152	578	2395.32422
580	10544.2793	580	15370.34	580	6333.26563	580	3793.813	580	12508.8369	580	9308.895	580	36366.62	580	4205.99951	580	2029.23267	580	3092.54028	580	2255.28735
582	9813.439	582	14110.2432	582	6017.045	582	3437.66772	582	11641.6543	582	8718.293	582	33766.3359	582	3955.884	582	2002.22644	582	2948.49121	582	2144.25977
584	9075.652	584	13017.5693	584	5603.774	584	3314.62061	584	10639.3926	584	8023.636	584	30869.78	584	3695.77173	584	1840.19128	584	2642.39453	584	1977.22083
586	8412.998	586	11854.9365	586	4936.37646	586	3092.54028	586	9693.307	586	7397.091	586	27866.83	586	3370.64185	586	1688.161	586	2464.343	586	1847.19275
588	7714.36133	588	10910.7236	588	4625.2085	588	2804.44434	588	8825.399	588	6793.607	588	25279.07	588	3019.51514	588	1614.14722	588	2284.29468	588	1691.16162
590	6935.71729	590	9848.479	590	4297.043	590	2580.37622	590	8006.621	590	6160.14355	590	22898.6	590	2881.469	590	1536.1333	590	2157.263	590	1730.16907
592	6436.34	592	8865.439	592	4010.90869	592	2601.38232	592	7476.157	592	5768.88	592	20670.1211	592	2789.4397	592	1612.14685	592	2130.25635	592	1668.15723
594	5867.945	594	8166.767	594	3758.798	594	2433.33447	594	6757.57959	594	5287.579	594	18465.252	594	2530.36182	594	1513.12939	594	1991.224	594	1631.15027
596	5125.484	596	7280.99463	596	3319.62256	596	2096.24829	596	6246.20361	596	4701.24854	596	17049.4121	596	2397.32471	596	1378.1073	596	1844.19214	596	1384.10828
598	4767.28369	598	6702.5376	598	3105.545	598	2047.23682	598	5484.699	598	4406.09668	598	15381.3594	598	2218.278	598	1258.08948	598	1775.178	598	1360.10449
600	4318.053	600	6087.093	600	2881.469	600	1863.19617	600	5106.473	600	3944.87915	600	13669.5518	600	2020.23059	600	1193.08044	600	1609.14624	600	1294.0946
602	4020.91333	602	5820.914	602	2637.393	602	1717.16663	602	4765.28271	602	3730.78638	602	12596.9609	602	1993.22449	602	1162.07629	602	1470.12207	602	1248.088
604	3607.73535	604	5280.575	604	2462.34253	604	1658.1554	604	4408.09766	604	3476.68286	604	11674.6973	604	1766.17627	604	1152.075	604	1466.12146	604	1130.07214
606	3392.65015	606	4811.30762	606	2264.28955	606	1674.15833	606	4105.952	606	3250.597	606	10877.6826	606	1687.16077	606	1057.06311	606	1416.11328	606	1145.0741
608	3134.55518	608	4492.14	608	2214.277	608	1528.132	608	3781.80786	608	3002.50928	608	10028.6807	608	1544.13477	608	993.0557	608	1373.10657	608	1153.07507
610	2942.48926	610	4280.03467	610	2096.24829	610	1466.12146	610	3517.699	610	2761.431	610	9475.07	610	1494.1261	610	1038.06091	610	1213.08313	610	1084.06641
612	2966.497	612	4159.97754	612	2102.24976	612	1513.12939	612	3444.67041	612	2779.43652	612	9023.599	612	1577.1405	612	1101.06848	612	1309.0968	612	1105.069
614	2696.41064	614	3873.84766	614	1971.21948	614	1382.10791	614	3393.65063	614	2618.38721	614	8398.984	614	1413.11279	614	1020.05878	614	1270.09119	614	1084.06641
616	2519.35864	616	3650.753	616	1790.181	616	1346.10242	616	3091.54	616	2650.39673	616	8128.732	616	1410.1123	616	975.0537	616	1158.07581	616	1024.0592
618	2440.33643	618	3545.71021	618	1777.17847	618	1309.0968	618	3054.527	618	2377.31934	618	7583.248	618	1298.09521	618	978.054	618	1121.071	618	926.048462
620	2448.33862	620	3351.63452	620	1737.17053	620	1294.0946	620	2869.465	620	2238.283	620	7238.96	620	1357.104	620	863.042053	620	1132.07239	620	978.054
622	2236.28247	622	3143.55835	622	1677.15894	622	1206.08215	622	2792.44043	622	2250.28613	622	6910.69775	622	1241.087	622	912.047	622	1095.06775	622	971.0533
624	2156.2627	624	2948.49121	624	1583.1416	624	1215.08337	624	2630.39087	624	2067.24146	624	6402.31543	624	1230.08545	624	884.0441	624	1038.06091	624	871.042847
626	1993.22449	626	2929.48486	626	1529.13208	626	1125.07153	626	2445.338	626	2041.23535	626	6100.102	626	1206.08215	626	879.04364	626	1041.06128	626	912.047
628	1847.19275	628	2583.377	628	1447.11829	628	1111.0697	628	2292.29688	628	1859.19531	628	5638.796	628	1136.07288	628	830.03894	628	950.051	628	900.0458
630	1776.17822	630	2539.36426	630	1487.125	630	1094.06763	630	2250.28613	630	1813.18579	630	5291.58154	630	1137.073	630	847.0405	630	1003.05682	630	812.037231
632	1658.1554	632	2427.33276	632	1318.09814	632	1033.0603	632	2035.234	632	1775.178	632	4900.35645	632	1142.07373	632	839.0398	632	954.051453	632	832.0391
634	1588.14246	634	2334.30786	634	1284.09314	634	1046.06177	634	1971.21948	634	1675.15857	634	4518.15332	634	1041.06128	634	813.037354	634	891.044861	634	851.0409
636	1427.11511	636	2198.273	636	1290.094	636	965.0526	636	1898.20361	636	1600.14465	636	4249.02	636	995.055969	636	798.036	636	917.0475	636	819.0379
638	1376.10693	638	1942.21313	638	1228.08521	638	972.0534	638	1780.17908	638	1414.113	638	3906.8623	638	943.050232	638	761.0327	638	849.0407	638	810.037048
640	1351.10315	640	1956.21619	640	1147.07434	640	916.0474	640	1710.16528	640	1381.10779	640	3705.776	640	934.0493	640	808.036865	640	795.0357	640	795.0357
642	1227.08508	642	1749.17285	642	1069.06458	642	961.0522	642	1571.1394	642	1328.09961	642	3242.594	642	956.051636	642	816.0376	642	850.040833	642	828.038757
644	1139.07336	644	1725.16809	644	1056.063	644	927.0486	644	1473.12256	644	1328.09961	644	3309.619	644	892.045	644	784.0347	644	802.0363	644	794.035645
646	1065.06409	646	1570.13928	646	1053.06262	646	902.045959	646	1356.10388	646	1266.09058	646	2901.47559	646	886.0444	646	774.0339	646	807.0368	646	784.0347
648	1023.05914	648	1452.11914	648	1072.065	648	837.0396	648	1322.09875	648	1130.07214	648	2575.37476	648	843.040161	648	734.030457	648	774.0339	648	792.035461
650	951.0511	650	1346.10242	650	1000.05652	650	896.045349	650	1305.09619	650	1090.06714	650	2496.352	650	806.0367	650	712.0286	650	789.035156	650	745.0314
652	879.04364	652	1342.10181	652	921.0479	652	838.0397	652	1233.08594	652	1082.06616	652	2249.286	652	823.038269	652	745.0314	652	826.0386	652	762.032837
654	816.0376	654	1246.08777	654	888.044556	654	817.0377	654	1249.08813	654	1047.06189	654	2025.23169	654	736.0306	654	718.0291	654	771.033569	654	786.0349
656	856.0414	656	1197.08093	656	874.043152	656	760.032654	656	1133.07251	656	999.0564	656	1954.2157	656	801.036255	656	716.029	656	735.0305	656	714.0288
658	765.0331	658	1164.07654	658	877.043457	658	762.032837	658	1103.06873	658	999.0564	658	1760.175	658	707.028259	658	737.0307	658	722.0295	658	728.029968
660	719.029236	660	1074.06519	660	864.0422	660	770.0335	660	1024.0592	660	946.050537	660	1646.15308	660	803.036438	660	677.0259	660	809.037	660	714.0288
662	712.0286	662	1000.05652	662	847.0405	662	783.034668	662	1019.05865	662	871.042847	662	1565.13843	662	742.0311	662	688.026733	662	678.026	662	720.0293
664	725.0297	664	1072.065	664	839.0398	664	766.033142	664	1016.05835	664	880.043762	664	1448.11853	664	706.028137	664	629.022339	664	752.032	664	679.026062
666	678.026	666	950.051	666	805.0366	666	788.0351	666	923.048157	666	846.040466	666	1366.10547	666	739.0309	666	667.025146	666	756.0323	666	715.0289
668	628.0223	668	986.054932	668	754.0321	668	725.0297	668	906.0464	668	912.047	668	1316.0979	668	683.026367	668	643.0234	668	684.0264	668	695.0273
670	630.0224	670	974.0536	670	800.036133	670	717.029053	670	922.048035	670	872.042969	670	1327.09949	670	695.0273	670	655.024231	670	768.0333	670	658.0245
672	632.0226	672	910.0468	672	784.0347	672	784.0347	672	916.0474	672	861.0419	672	1198.081	672	733.030334	672	654.0242	672	739.0309	672	665.024963
674	597.020142	674	893.045044	674	758.0325	674	742.0311	674	912.047	674	845.040344	674	1160.076	674	721.029358	674	634.0227	674	688.026733	674	714.0288
676	629.022339	676	868.042542	676	746.031433	676	786.0349	676	866.042358	676	808.036865	676	1153.07507	676	687.0267	676	665.024963	676	657.0244	676	682.0263
678	570.0184	678	830.03894	678	825.038452	678	759.032532	678	851.0409	678	789.035156	678	1101.06848	678	719.029236	678	643.0234	678	672.0255	678	644.023438
680	533.016052	680	852.041	680	774.0339	680	723.029541	680	829.0388	680	760.032654	680	1018.05853	680	677.0259	680	700.0277	680	692.027039	680	667.025146
682	559.017639	682	844.0402	682	757.032349	682	762.032837	682	818.0378	682	759.032532	682	997.056152	682	669.025269	682	656.0243	682	686.0266	682	617.0215
684	508.0146	684	793.0355	684	720.0293	684	733.030334	684	840.039856	684	777.0341	684	973.053467	684	638.023	684	670.0254	684	684.0264	684	650.023865
686	498.014	686	764.032959	686	711.028564	686	672.0255	686	758.0325	686	788.0351	686	954.051453	686	666.0251	686	663.024841	686	697.027466	686	657.0244
688	516.015	688	792.035461	688	738.030762	688	755.0322	688	793.0355	688	763.0329	688	904.0462	688	642.0233	688	695.0273	688	690.0269	688	681.0262
690	537.0163	690	798.036	690	755.0322	690	738.030762	690	744.03125	690	767.033264	690	917.0475	690	686.0266	690	582.019165	690	665.024963	690	644.023438
692	520.015259	692	818.0378	692	688.026733	692	724.0296	692	818.0378	692	775.033936	692	878.0436	692	678.026	692	623.0219	692	674.0257	692	663.024841
694	524.0155	694	869.042664	694	762.032837	694	690.0269	694	793.0355	694	729.03	694	905.046265	694	718.0291	694	686.0266	694	705.0281	694	656.0243
696	537.0163	696	808.036865	696	728.029968	696	734.030457	696	742.0311	696	752.032	696	926.048462	696	664.0249	696	676.0258	696	734.030457	696	697.027466
698	516.015	698	776.034	698	721.029358	698	793.0355	698	730.0301	698	744.03125	698	824.0384	698	672.0255	698	663.024841	698	684.0264	698	603.020569
700	501.0142	700	779.0343	700	709.0284	700	641.0232	700	775.033936	700	723.029541	700	787.035	700	650.023865	700	675.025757	700	628.0223	700	684.0264
</Group>																					
