<Group>											
Detector1											
8											
76		76		76		76		76		76	
oct26_1800_2vpp_350rpm_4000cyc_1st_10hz	T637393350917049602	oct26_1820_2vpp_350rpm_3000cyc_1st_50hz	T637393350917050068	oct26_2040_2.25vpp_550rpm_54000cyc_1st_30hz	T637393350917051002	oct26_2140_2vpp_600rpm_108000cyc_1st_30hz	T637393350917051447	oct26_2310_2vpp_600rpm_120000cyc_1st_50hz	T637393350917051892	oct26_2450_2vpp_600rpm_120000cyc_1st_50hz	T637393350917052337
X	Y	X	Y	X	Y	X	Y	X	Y	X	Y
550	4612.20166	550	5239.551	550	4693.244	550	6728.557	550	5930.987	550	6407.319
552	4333.06055	552	4654.22363	552	4066.93433	552	5910.97363	552	4898.35547	552	5320.599
554	4259.025	554	4603.197	554	3788.811	554	5660.81	554	4367.077	554	4910.362
556	4516.15234	556	4234.0127	556	3508.69556	556	5412.655	556	3978.89429	556	4444.11572
558	4473.13037	558	4289.039	558	3217.585	558	5197.526	558	3482.6853	558	3807.819
560	4638.21533	560	4067.93481	560	2994.50659	560	4927.37158	560	2746.426	560	3308.61841
562	4732.265	562	3922.86938	562	2855.46069	562	4767.28369	562	2468.34424	562	2959.49487
564	5070.452	564	3866.84473	564	2714.41626	564	4727.262	564	2156.2627	564	2656.39868
566	4965.39258	566	3882.85181	566	2703.41284	566	4529.15869	566	2136.25781	566	2606.38379
568	5192.523	568	4021.91382	568	2715.4165	568	4673.234	568	2042.2356	568	2420.331
570	5108.474	570	3859.84155	570	2666.40161	570	4501.14453	570	1870.19763	570	2459.3418
572	5165.50732	572	3782.80835	572	2510.356	572	4395.09131	572	1769.17688	572	2233.28174
574	4948.3833	574	3758.798	574	2441.33667	574	4319.05371	574	1723.16772	574	2247.2854
576	4689.242	576	3550.71216	576	2380.32	576	4117.958	576	1683.16	576	2069.242
578	4403.095	578	3346.63281	578	2218.278	578	3837.832	578	1503.12769	578	2030.23291
580	4073.9375	580	3094.541	580	2114.25244	580	3700.77368	580	1506.12817	580	1874.19849
582	3813.82178	582	2853.46	582	2002.22644	582	3476.68286	582	1464.12109	582	1755.17407
584	3483.68555	584	2586.378	584	1902.20447	584	3050.52563	584	1279.09241	584	1692.16174
586	3265.60254	586	2612.3855	586	1766.17627	586	2859.462	586	1285.09326	586	1578.14075
588	3002.50928	588	2238.283	588	1671.15784	588	2642.39453	588	1201.08154	588	1437.1167
590	2795.44141	590	2132.25684	590	1563.13806	590	2536.36353	590	1128.0719	590	1410.1123
592	2608.38428	592	2077.244	592	1512.12915	592	2465.34326	592	1229.08533	592	1421.11414
594	2570.37329	594	1876.19885	594	1540.134	594	2271.2915	594	1198.081	594	1446.11816
596	2230.281	596	1743.17163	596	1354.10364	596	2059.2395	596	1087.06677	596	1286.09351
598	2027.23218	598	1583.1416	598	1248.088	598	1822.18762	598	980.05426	598	1163.07642
600	1939.2124	600	1385.1084	600	1132.07239	600	1688.161	600	974.0536	600	1159.07593
602	1719.167	602	1391.10938	602	1115.07019	602	1656.15491	602	942.0501	602	1083.06628
604	1591.14307	604	1319.09827	604	1073.06506	604	1604.14539	604	901.0459	604	1044.06165
606	1524.13123	606	1215.08337	606	990.055359	606	1544.13477	606	883.044067	606	922.048035
608	1413.11279	608	1138.07312	608	1014.05811	608	1358.10425	608	856.0414	608	911.0469
610	1377.10718	610	1082.06616	610	942.0501	610	1374.10669	610	796.0358	610	920.047852
612	1394.10986	612	1141.07361	612	962.0523	612	1343.10193	612	832.0391	612	968.0529
614	1287.09363	614	1030.05994	614	955.0515	614	1277.09216	614	789.035156	614	893.045044
616	1226.085	616	1030.05994	616	886.0444	616	1171.07751	616	808.036865	616	855.0413
618	1178.07837	618	929.048767	618	825.038452	618	1165.07666	618	725.0297	618	843.040161
620	1127.07178	620	948.0508	620	908.0466	620	1200.08142	620	721.029358	620	792.035461
622	1142.07373	622	915.0473	622	852.041	622	1111.0697	622	742.0311	622	803.036438
624	1098.06812	624	913.0471	624	808.036865	624	1131.07227	624	760.032654	624	794.035645
626	999.0564	626	887.044434	626	796.0358	626	1055.06287	626	696.027344	626	797.0359
628	1021.0589	628	811.0372	628	720.0293	628	1014.05811	628	721.029358	628	756.0323
630	969.05304	630	767.033264	630	736.0306	630	973.053467	630	704.028	630	749.0317
632	907.0465	632	779.0343	632	744.03125	632	979.054138	632	692.027039	632	775.033936
634	821.0381	634	735.0305	634	716.029	634	912.047	634	691.027	634	745.0314
636	815.037537	636	721.029358	636	747.031555	636	890.044739	636	693.027161	636	733.030334
638	800.036133	638	675.025757	638	679.026062	638	841.04	638	665.024963	638	701.0278
640	775.033936	640	682.0263	640	679.026062	640	803.036438	640	643.0234	640	650.023865
642	758.0325	642	650.023865	642	655.024231	642	862.042	642	652.024048	642	677.0259
644	736.0306	644	696.027344	644	647.0237	644	795.0357	644	677.0259	644	663.024841
646	651.0239	646	629.022339	646	647.0237	646	811.0372	646	686.0266	646	713.028748
648	669.025269	648	616.0214	648	659.024536	648	805.0366	648	633.022644	648	694.0272
650	609.020935	650	576.018738	650	660.0246	650	708.0283	650	652.024048	650	593.0199
652	624.022	652	581.019043	652	621.0218	652	736.0306	652	660.0246	652	618.0216
654	645.0235	654	574.0186	654	605.0207	654	724.0296	654	578.01886	654	640.023132
656	569.0183	656	549.017	656	579.0189	656	725.0297	656	623.0219	656	654.0242
658	534.0161	658	521.0153	658	613.02124	658	666.0251	658	601.0204	658	610.021
660	557.0175	660	540.0165	660	551.017151	660	681.0262	660	614.0213	660	611.0211
662	516.015	662	567.0182	662	575.0187	662	677.0259	662	635.022766	662	629.022339
664	506.014465	664	576.018738	664	557.0175	664	699.0276	664	621.0218	664	588.019531
666	568.01825	666	554.017334	666	596.0201	666	652.024048	666	575.0187	666	639.0231
668	511.01474	668	539.0164	668	623.0219	668	614.0213	668	543.016663	668	628.0223
670	519.0152	670	493.013733	670	553.0173	670	653.0241	670	599.020264	670	599.020264
672	544.0167	672	461.012	672	550.0171	672	571.018433	672	605.0207	672	610.021
674	525.015564	674	512.014832	674	581.019043	674	609.020935	674	594.019958	674	603.020569
676	512.014832	676	464.012177	676	583.0192	676	630.0224	676	610.021	676	593.0199
678	503.014282	678	483.013184	678	509.014648	678	587.0195	678	604.0206	678	640.023132
680	471.012543	680	478.0129	680	552.0172	680	614.0213	680	566.0181	680	570.0184
682	473.012634	682	479.01297	682	553.0173	682	656.0243	682	592.0198	682	583.0192
684	484.013245	684	524.0155	684	580.019	684	580.019	684	596.0201	684	590.019653
686	457.0118	686	470.012482	686	537.0163	686	619.021667	686	566.0181	686	617.0215
688	479.01297	688	488.013458	688	550.0171	688	607.0208	688	590.019653	688	598.0202
690	451.0115	690	500.01413	690	600.0203	690	620.0217	690	543.016663	690	597.020142
692	493.013733	692	493.013733	692	562.0178	692	612.0212	692	611.0211	692	596.0201
694	459.0119	694	509.014648	694	580.019	694	581.019043	694	623.0219	694	562.0178
696	510.0147	696	473.012634	696	527.0157	696	602.020447	696	585.019348	696	578.01886
698	478.0129	698	474.0127	698	547.0169	698	594.019958	698	589.0196	698	567.0182
700	468.0124	700	469.012421	700	560.0177	700	604.0206	700	576.018738	700	562.0178
</Group>											
