% Model:              first_sketch_v06__sigmasweep_adaptivemesh_179.9CA.mph
% Version:            COMSOL 5.4.0.388
% Date:               Jul 31 2021, 19:02
% Dimension:          2
% Nodes:              304
% Expressions:        6
% Description:        Entity index, r-coordinate, z-coordinate
% Length unit:        mm
% r                       z                        dom @ t=27               r (mm) @ t=27            z (mm) @ t=27            dom @ t=37               r (mm) @ t=37            z (mm) @ t=37
0                         0                        1                        0                        0                        1                        0                        0
0                         0.04108241918788651      1                        0                        0.04108241918788651      1                        0                        0.0482344673365551
0                         0.07832524015489781      1                        0                        0.07832524015489781      1                        0                        0.09198672240337831
0                         0.11214848473442184      1                        0                        0.11214848473442184      1                        0                        0.1317621101507924
0                         0.14286608419834657      1                        0                        0.14286608419834657      1                        0                        0.16793156533954115
0                         0.17076316881698442      1                        0                        0.17076316881698442      1                        0                        0.20082657236891563
0                         0.19609872737459183      1                        0                        0.19609872737459183      1                        0                        0.23074510979719687
0                         0.2191079904106841       1                        0                        0.2191079904106841       1                        0                        0.2579562746080051
0                         0.2400046018471323       1                        0                        0.2400046018471323       1                        0                        0.2827039055846442
0                         0.2589825914288832       1                        0                        0.2589825914288832       1                        0                        0.3052094660985452
0                         0.27621816985120456      1                        0                        0.27621816985120456      1                        0                        0.3256744011139008
0                         0.29187136216838305      1                        0                        0.29187136216838305      1                        0                        0.34428211509922474
0                         0.3060874918011754       1                        0                        0.3060874918011754       1                        0                        0.361199669286148
0                         0.31899852834919784      1                        0                        0.31899852834919784      1                        0                        0.3765792658479381
0                         0.3307243169620022       1                        0                        0.3307243169620022       1                        0                        0.3905595827688684
0                         0.34137369320821187      1                        0                        0.34137369320821187      1                        0                        0.4032669627139067
0                         0.35121020143511         1                        0                        0.35121020143511         1                        0                        0.4150132447768714
0.03625399044031852       0                        2                        0.03625399044031852      0                        2                        0.034838100393393086     0
0                         0                        2                        0                        0                        2                        0                        0
0.07390202431879922       0                        2                        0.07390202431879922      0                        2                        0.07099009513759257      0
0.11215538307932753       0                        2                        0.11215538307932753      0                        2                        0.10766904280597492      0
0.14919282975466724       0                        2                        0.14919282975466724      0                        2                        0.14310426933719356      0
0.1860106665426268        0                        2                        0.1860106665426268       0                        2                        0.1782250712604305       0
0.22273738265102594       0                        2                        0.22273738265102594      0                        2                        0.21312743273539536      0
0.2593711980069096        0                        2                        0.2593711980069096       0                        2                        0.24778092710629057      0
0.29588197350171175       0                        2                        0.29588197350171175      0                        2                        0.2821267431560503       0
0.3322285871712414        0                        2                        0.3322285871712414       0                        2                        0.31609398740668326      0
0.36821040619303796       0                        2                        0.36821040619303796      0                        2                        0.34946237959570897      0
0.40242437264337155       0                        2                        0.40242437264337155      0                        2                        0.3809158465045689       0
0.43335516722102946       0                        2                        0.43335516722102946      0                        2                        0.40908545644693256      0
0.46130354734739515       0                        2                        0.46130354734739515      0                        2                        0.43429142875877474      0
0.48655265820628485       0                        2                        0.48655265820628485      0                        2                        0.4568348952900262       0
0.5093585387471208        0                        2                        0.5093585387471208       0                        2                        0.47698761107969967      0
0.529952730351387         0                        2                        0.529952730351387        0                        2                        0.4949947102292502       0
0.5485405158589834        0                        2                        0.5485405158589834       0                        2                        0.511073248163414        0
0.5653134423741253        0                        2                        0.5653134423741253       0                        2                        0.5254233913462539       0
0.5804440237176058        0                        2                        0.5804440237176058       0                        2                        0.5382242494663334       0
0.5940866106345982        0                        2                        0.5940866106345982       0                        2                        0.5496350466953634       0
0.6063780625551302        0                        2                        0.6063780625551302       0                        2                        0.5597963307861531       0
0.6174429971080558        0                        2                        0.6174429971080558       0                        2                        0.5688348688574624       0
0.6273991523695907        0                        2                        0.6273991523695907       0                        2                        0.5768683429472312       0
0.6363481531828313        0                        2                        0.6363481531828313       0                        2                        0.5839981966368379       0
0.644377756573118         0                        2                        0.644377756573118        0                        2                        0.5903120486764393       0
0.6515776027904592        0                        2                        0.6515776027904592       0                        2                        0.5958964085022085       0
0.6580192147269708        0                        2                        0.6580192147269708       0                        2                        0.6008212026934109       0
0.6637698879838099        0                        2                        0.6637698879838099       0                        2                        0.6051508898698296       0
0.6688921270217858        0                        2                        0.6688921270217858       0                        2                        0.6089443506667008       0
0.6734341120650135        0                        2                        0.6734341120650135       0                        2                        0.6122478873480753       0
0.677447166240035         0                        2                        0.677447166240035        0                        2                        0.6151083834272437       0
0.6809636197190838        0                        2                        0.6809636197190838       0                        2                        0.6175572043905864       0
0.6840171453452606        0                        2                        0.6840171453452606       0                        2                        0.619623771961768        0
0.6866186694913846        0                        2                        0.6866186694913846       0                        2                        0.6213148753673636       0
0.6887409063527505        0                        2                        0.6887409063527505       0                        2                        0.622601681543033        0
0.6901720344945991        0                        2                        0.6901720344945991       0                        2                        0.6233768522398522       0
0                         0.35121020143511         3                        0                        0.35121020143511         3                        0                        0.4150132447768714
0                         0.35954798493412826      3                        0                        0.35954798493412826      3                        0                        0.42259413865563766
0                         0.368767419643863        3                        0                        0.368767419643863        3                        0                        0.4309824581393462
0                         0.3789618166589963       3                        0                        0.3789618166589963       3                        0                        0.44026486503626755
0                         0.39023440223916867      3                        0                        0.39023440223916867      3                        0                        0.45053746179587423
0                         0.40269938683541534      3                        0                        0.40269938683541534      3                        0                        0.4619068511589252
0                         0.41648315815211784      3                        0                        0.41648315815211784      3                        0                        0.47449131607691797
0                         0.4317256135846958       3                        0                        0.4317256135846958       3                        0                        0.4884221485413925
0                         0.44858163026730363      3                        0                        0.44858163026730363      3                        0                        0.5038451088440382
0                         0.46722271939776794      3                        0                        0.46722271939776794      3                        0                        0.5209220746888431
0                         0.48783888297338424      3                        0                        0.48783888297338424      3                        0                        0.5398328858558161
0                         0.5106406552802545       3                        0                        0.5106406552802545       3                        0                        0.5607773695534659
0                         0.5358614189392468       3                        0                        0.5358614189392468       3                        0                        0.5839776257838908
0                         0.5637599481578036       3                        0                        0.5637599481578036       3                        0                        0.6096805242938655
0                         0.5946232644457725       3                        0                        0.5946232644457725       3                        0                        0.6381604849803347
0                         0.6287697666841402       3                        0                        0.6287697666841402       3                        0                        0.6697224972761698
0                         0.6665526965208496       3                        0                        0.6665526965208496       3                        0                        0.7047054244174222
0                         0.7083639249436976       3                        0                        0.7083639249436976       3                        0                        0.7434855610222961
0                         0.7546380760671825       3                        0                        0.7546380760671825       3                        0                        0.786480441956222
0                         0.8058570150505258       3                        0                        0.8058570150505258       3                        0                        0.8341529002910848
0                         0.8625547422899752       3                        0                        0.8625547422899752       3                        0                        0.8870153876589608
0                         0.925322793702845        3                        0                        0.925322793702845        3                        0                        0.9456346124093378
0                         0.994816443038449        3                        0                        0.994816443038449        3                        0                        1.010636862281831
0                         1.0717621132458244       3                        0                        1.0717621132458244       3                        0                        1.0827143049032237
0                         1.1569670975878708       3                        0                        1.1569670975878708       3                        0                        1.1626338895005126
0                         1.25                     3                        0                        1.25                     3                        0                        1.25
0                         0.35121020143511         4                        0                        0.35121020143511         4                        0                        0.4150132447768714
0.008165876001245596      0.35120506951042396      4                        0.008165876001245596     0.35120506951042396      4                        0.00819288548530262      0.4150023069547308
0.1551640177509336        0.3492545571322593       4                        0.1551640177509336       0.3492545571322593       4                        0.15558941693433925      0.4109139181388299
0.16333171903871865       0.3490305871009186       4                        0.16333171903871865      0.3490305871009186       4                        0.16376867455603358      0.41045266120687757
0.1714995423475928        0.348792382820553        4                        0.1714995423475928       0.348792382820553        4                        0.17194619952328502      0.40996381184952063
0.25317812223398456       0.34551697783773266      4                        0.25317812223398456      0.34551697783773266      4                        0.25358427287928703      0.40340515972399227
0.2613451391231259        0.34508681278724884      4                        0.2613451391231259       0.34508681278724884      4                        0.2617292220153266       0.40256429889906326
0.2695117855349234        0.34463512033493204      4                        0.2695117855349234       0.34463512033493204      4                        0.2698695955918722       0.4016860052133365
0.27767798745749317       0.3441610574739316       4                        0.27767798745749317      0.3441610574739316       4                        0.2780050420523786       0.40076918831090635
0.2858436627152343        0.3436637379905273       4                        0.2858436627152343       0.3436637379905273       4                        0.2861351855165615       0.3998127115157372
0.016331766870860562      0.351189664022628        4                        0.016331766870860562     0.351189664022628        4                        0.016385714850741893     0.4149694791328234
0.024497684379085803      0.3511639572108579       4                        0.024497684379085803     0.3511639572108579       4                        0.024578427386595138     0.4149147203189357
0.04899571128000248       0.3510244701577266       4                        0.04899571128000248      0.3510244701577266       4                        0.049155250455575145     0.4146180338658729
0.057161848745008015      0.350956905154547        4                        0.057161848745008015     0.350956905154547        4                        0.05734687493469534      0.414474588658814
0.032663640009561276      0.3511279025873636       4                        0.032663640009561276     0.3511279025873636       4                        0.03277096239006184      0.414837961904098
0.0408296452918712        0.35108143493043104      4                        0.0408296452918712       0.35108143493043104      4                        0.040963257849022945     0.41473910770949357
0.06532806801912727       0.35087861756411703      4                        0.06532806801912727      0.35087861756411703      4                        0.06553806370701337      0.41430859233485734
0.07349437882123817       0.3507894655391345       4                        0.07349437882123817      0.3507894655391345       4                        0.07372874648384761      0.41411983687237525
0.08166079020519815       0.3506892874525172       4                        0.08166079020519815      0.3506892874525172       4                        0.08191884982467117      0.41390808571750387
0.08982731042331335       0.3505779015685068       4                        0.08982731042331335      0.3505779015685068       4                        0.0901082966663449       0.4136730734852933
0.09799394677972424       0.35045510567305543      4                        0.09799394677972424      0.35045510567305543      4                        0.09829700585220318      0.41341450562531873
0.1061607055289275        0.3503206766617588       4                        0.1061607055289275       0.3503206766617588       4                        0.10648489165307101      0.4131320580516148
0.14699645925151464       0.3494647030195735       4                        0.14699645925151464      0.3494647030195735       4                        0.14740858184047026      0.41134816002003916
0.13882904342162553       0.3496614095673538       4                        0.13882904342162553      0.3496614095673538       4                        0.13922629669821562      0.4117559314992216
0.13066175945081598       0.34984503669702993      4                        0.13066175945081598      0.34984503669702993      4                        0.13104267184466226      0.41213774440592843
0.1143275917155426        0.350174370085906        4                        0.1143275917155426       0.350174370085906        4                        0.11467186325655507      0.41282537673752573
0.12249460899244075       0.35001591965541357      4                        0.12249460899244075      0.35001591965541357      4                        0.12285782420831708      0.4124940772762748
0.17966746483368856       0.34853950760539276      4                        0.17966746483368856      0.34853950760539276      4                        0.18012182725434758      0.40944675835302535
0.18783546137072507       0.3482714972959116       4                        0.18783546137072507      0.3482714972959116       4                        0.18829538303744547      0.4089008539345744
0.2450108016236154        0.34592641699647797      4                        0.2450108016236154       0.34592641699647797      4                        0.2454350771194329       0.40420963280138755
0.2368432375879135        0.3463158919081267       4                        0.2368432375879135       0.3463158919081267       4                        0.2372819426917808       0.404978719056577
0.22867548465035725       0.34668612590631237      4                        0.22867548465035725      0.34668612590631237      4                        0.22912515809831266      0.4057133762626833
0.22050759216418916       0.3470378054924706       4                        0.22050759216418916      0.3470378054924706       4                        0.22096499376313655      0.40641452005781314
0.21233960486096792       0.34737158174016397      4                        0.21233960486096792      0.34737158174016397      4                        0.21280170329659773      0.4070830249374759
0.1960035043275034        0.347987859308889        4                        0.1960035043275034       0.347987859308889        4                        0.19646668127286784      0.40832541597548605
0.20417156330818528       0.3476880716290708       4                        0.20417156330818528      0.3476880716290708       4                        0.2046355246582058       0.4077197252194296
0.29400872005528034       0.3431422306660552       4                        0.29400872005528034      0.3431422306660552       4                        0.2942596237860886       0.39881539076106437
0.30217304873135803       0.34259555803718655      4                        0.30217304873135803      0.34259555803718655      4                        0.30237791723455787      0.39777599468865743
0.31033649742053443       0.3420226960112742       4                        0.31033649742053443      0.3420226960112742       4                        0.3104895667875019       0.3966932465150431
0.31849890012795107       0.34142257027537093      4                        0.31849890012795107      0.34142257027537093      4                        0.3185940387519786       0.39556581993492806
0.32666008177891165       0.340794053687842        4                        0.32666008177891165      0.340794053687842        4                        0.3266907692853324       0.39439233714452177
0.334819857143678         0.3401359639698309       4                        0.334819857143678        0.3401359639698309       4                        0.3347791622782518       0.39317136762798516
0.3429780296102423        0.33944706128593316      4                        0.3429780296102423       0.33944706128593316      4                        0.34285858696529126      0.3919014269560924
0.3511343896997349        0.3387260457189071       4                        0.3511343896997349       0.3387260457189071       4                        0.35092837533896354      0.3905809755928419
0.35928871348376384       0.33797155462133555      4                        0.35928871348376384      0.33797155462133555      4                        0.3589878192467459       0.38920841773649206
0.3674407606238409        0.3371821598651137       4                        0.3674407606238409       0.3371821598651137       4                        0.36703616735274874      0.38778210017401804
0.37559028949737594       0.3363563631799368       4                        0.37559028949737594      0.3363563631799368       4                        0.3750726386899494       0.3863003080072265
0.3837369623875787        0.33549260277073367      4                        0.3837369623875787       0.33549260277073367      4                        0.383096327961872        0.38476128078938626
0.39188036977487656       0.3345892489966193       4                        0.39188036977487656      0.3345892489966193       4                        0.3911062287265051       0.38316320890411726
0.40002008517574966       0.3336445956735475       4                        0.40002008517574966      0.3336445956735475       4                        0.39910128616850665      0.38150422270666323
0.40815566279702475       0.33265685660646843      4                        0.40815566279702475      0.33265685660646843      4                        0.4070803933748661       0.3797823914785571
0.41628663505927754       0.33162416193730815      4                        0.41628663505927754      0.33162416193730815      4                        0.4150423880595979       0.3779957222710846
0.42441250948377324       0.3305445543619606       4                        0.42441250948377324      0.3305445543619606       4                        0.4229860479121567       0.3761421590343634
0.4325327650529907        0.32941598520415727      4                        0.4325327650529907       0.32941598520415727      4                        0.43091008601003555      0.37421958175090825
0.4406468479749813        0.32823631035633055      4                        0.4406468479749813       0.32823631035633055      4                        0.4388131455893287       0.3722258057428436
0.4487540984980986        0.32700329672218953      4                        0.4487540984980986       0.32700329672218953      4                        0.4466937278546169       0.37015859892516717
0.45685369903745243       0.3257146279112067       4                        0.45685369903745243      0.3257146279112067       4                        0.45455014145025735      0.3680156973398216
0.46494480717719094       0.32436788067799965      4                        0.46494480717719094      0.32436788067799965      4                        0.4623806316897634       0.36579477216659306
0.47302654372358993       0.32296052102543044      4                        0.47302654372358993      0.32296052102543044      4                        0.4701833683492307       0.3634934307562956
0.48109798652885727       0.32148989920477283      4                        0.48109798652885727      0.32148989920477283      4                        0.47795643935821486      0.36110921622439274
0.4891580770238613        0.31995326141324465      4                        0.4891580770238613       0.31995326141324465      4                        0.48569776110126206      0.3586396341713212
0.49720557900588147       0.31834775519996594      4                        0.49720557900588147      0.31834775519996594      4                        0.49340504013271         0.3560821685191865
0.5052392007128917        0.31667040213691633      4                        0.5052392007128917       0.31667040213691633      4                        0.5010758922874441       0.3534342452012065
0.5132575966112755        0.3149180900902792       4                        0.5132575966112755       0.3149180900902792       4                        0.5087078452381298       0.35069322880677756
0.5212593252867913        0.3130875747264956       4                        0.5212593252867913       0.3130875747264956       4                        0.5162983001375872       0.3478564339120236
0.529242637495999         0.31117552430404877      4                        0.529242637495999        0.31117552430404877      4                        0.5238443342193025       0.3449212022468389
0.5372056375426802        0.30917848239653367      4                        0.5372056375426802       0.30917848239653367      4                        0.5313428591387508       0.3418848515745721
0.5451463642755399        0.30709284115656127      4                        0.5451463642755399       0.30709284115656127      4                        0.5387907016227974       0.3387446432509923
0.5530627779020012        0.3049148340959019       4                        0.5530627779020012       0.3049148340959019       4                        0.5461845950276605       0.3354977807272008
0.5609525294758684        0.30264059224326706      4                        0.5609525294758684       0.30264059224326706      4                        0.5535209701496446       0.3321415012353719
0.568812863358926         0.3002661767557757       4                        0.568812863358926        0.3002661767557757       4                        0.5607958751972875       0.32867312766879425
0.5766409268727715        0.2977874884406384       4                        0.5766409268727715       0.2977874884406384       4                        0.5680052735582043       0.3250899397725149
0.5844337779598148        0.2952002518944973       4                        0.5844337779598148       0.2952002518944973       4                        0.5751450580408699       0.3213891588200986
0.5921882840077451        0.29250003491877763      4                        0.5921882840077451       0.29250003491877763      4                        0.5822109662929378       0.3175679824355935
0.599900606452517         0.2896824301012844       4                        0.599900606452517        0.2896824301012844       4                        0.5891981253698408       0.31362384232427787
0.607566609226059         0.2867429282350583       4                        0.607566609226059        0.2867429282350583       4                        0.5961014428891188       0.3095542198684111
0.6151820639664305        0.28367683218267464      4                        0.6151820639664305       0.28367683218267464      4                        0.6029158045360821       0.30535652705768684
0.6227425700471994        0.28047926692653524      4                        0.6227425700471994       0.28047926692653524      4                        0.6096360116641985       0.30102812338813617
0.6302429639701996        0.27714542669226955      4                        0.6302429639701996       0.27714542669226955      4                        0.6162562717371479       0.2965666458407073
0.6376777004911268        0.27367043375509165      4                        0.6376777004911268       0.27367043375509165      4                        0.6227705592491211       0.2919698036952913
0.6450408934242413        0.27004931707019786      4                        0.6450408934242413       0.27004931707019786      4                        0.6291726670005989       0.28723534056243244
0.6523260254145038        0.26627715708893945      4                        0.6523260254145038       0.26627715708893945      4                        0.6354559700642243       0.28236121032301775
0.6595262542481504        0.26234894095805045      4                        0.6595262542481504       0.26234894095805045      4                        0.6416137088832035       0.2773453705332891
0.6666339495129463        0.25825981748747306      4                        0.6666339495129463       0.25825981748747306      4                        0.6476386075832108       0.27218608903610303
0.6736411293236795        0.2540048732690832       4                        0.6736411293236795       0.2540048732690832       4                        0.6535232634622383       0.26688163299557915
0.6805389731570587        0.2495794302580116       4                        0.6805389731570587       0.2495794302580116       4                        0.65925974908955         0.26143061511779514
0.6873181537102268        0.2449788714823425       4                        0.6873181537102268       0.2449788714823425       4                        0.6648399057667838       0.255831741945588
0.6939685819277723        0.2401988242091492       4                        0.6939685819277723       0.2401988242091492       4                        0.6702551412585847       0.2500840045315713
0.70047938847168          0.23523521604053824      4                        0.70047938847168         0.23523521604053824      4                        0.6754964264530652       0.2441867029150566
0.7068391132259092        0.2300841632307034       4                        0.7068391132259092       0.2300841632307034       4                        0.680554454070941        0.2381392698971225
0.7130352052894061        0.2247424112511188       4                        0.7130352052894061       0.2247424112511188       4                        0.6854192419976979       0.23194174349399418
0                         1.25                     5                        0                        1.25                     5                        0                        1.25
0.0986842105263157        1.25                     5                        0.0986842105263157       1.25                     5                        0.0986842105263157       1.25
0.1973684210526314        1.25                     5                        0.1973684210526314       1.25                     5                        0.1973684210526314       1.25
0.2960526315789469        1.2499999999999998       5                        0.2960526315789469       1.2499999999999998       5                        0.2960526315789469       1.2499999999999998
0.3947368421052628        1.25                     5                        0.3947368421052628       1.25                     5                        0.3947368421052628       1.25
0.49342105263157865       1.25                     5                        0.49342105263157865      1.25                     5                        0.49342105263157865      1.25
0.592105263157894         1.2499999999999996       5                        0.592105263157894        1.2499999999999996       5                        0.592105263157894        1.2499999999999996
0.6907894736842097        1.25                     5                        0.6907894736842097       1.25                     5                        0.6907894736842097       1.25
0.7894736842105256        1.2500000000000002       5                        0.7894736842105256       1.2500000000000002       5                        0.7894736842105256       1.2500000000000002
0.8881578947368413        1.25                     5                        0.8881578947368413       1.25                     5                        0.8881578947368413       1.25
0.9868421052631564        1.25                     5                        0.9868421052631564       1.25                     5                        0.9868421052631564       1.25
1.0855263157894726        1.2500000000000004       5                        1.0855263157894726       1.2500000000000004       5                        1.0855263157894726       1.2500000000000004
1.7763157894736818        1.2500000000000002       5                        1.7763157894736818       1.2500000000000002       5                        1.7763157894736818       1.2500000000000002
1.875                     1.25                     5                        1.875                    1.25                     5                        1.875                    1.25
1.1842105263157885        1.25                     5                        1.1842105263157885       1.25                     5                        1.1842105263157885       1.25
1.2828947368421042        1.25                     5                        1.2828947368421042       1.25                     5                        1.2828947368421042       1.25
1.38157894736842          1.2499999999999998       5                        1.38157894736842         1.2499999999999998       5                        1.38157894736842         1.2499999999999998
1.6776315789473677        1.2500000000000002       5                        1.6776315789473677       1.2500000000000002       5                        1.6776315789473677       1.2500000000000002
1.4802631578947358        1.25                     5                        1.4802631578947358       1.25                     5                        1.4802631578947358       1.25
1.5789473684210509        1.25                     5                        1.5789473684210509       1.25                     5                        1.5789473684210509       1.25
0.6950998757304222        1.656290920762979E-4     6                        0.6950998757304222       1.656290920762979E-4     6                        0.6285513737758975       1.566536742386391E-4
0.6901720344945991        0                        6                        0.6901720344945991       0                        6                        0.6233768522398522       0
0.6987810272271494        4.939376706924036E-4     6                        0.6987810272271494       4.939376706924036E-4     6                        0.6331338578884184       5.413752666192494E-4
0.7017866861523242        8.925235669305814E-4     6                        0.7017866861523242       8.925235669305814E-4     6                        0.6367690410629332       0.0010116122868986128
0.7045295290402889        0.0013596965922986954    6                        0.7045295290402889       0.0013596965922986954    6                        0.6399902277941732       0.0015513794492441626
0.7074180787228408        0.0019598474532191183    6                        0.7074180787228408       0.0019598474532191183    6                        0.643325199416385        0.0022335409854496928
0.710485074179219         0.0027206862040907286    6                        0.710485074179219        0.0027206862040907286    6                        0.6468227669704721       0.003085907306137306
0.7137484879020568        0.003673345699389854     6                        0.7137484879020568       0.003673345699389854     6                        0.6505094643814431       0.004139348451231706
0.7172389494147886        0.004860566182453071     6                        0.7172389494147886       0.004860566182453071     6                        0.6544239047963982       0.0054367235700921055
0.7209722808857943        0.006330481258787897     6                        0.7209722808857943       0.006330481258787897     6                        0.6585870111092829       0.0070257102573333475
0.7291945903714148        0.010351210625681395     6                        0.7291945903714148       0.010351210625681395     6                        0.6677007162021794       0.011305799654752051
0.7249553141624937        0.008138201471814233     6                        0.7249553141624937       0.008138201471814233     6                        0.6630091540447197       0.008960195617129189
0.7336825085525741        0.013045132816474474     6                        0.7336825085525741       0.013045132816474474     6                        0.6726570722319845       0.014134762069035935
0.7384015259664821        0.016307472080428022     6                        0.7384015259664821       0.016307472080428022     6                        0.6778643235633699       0.01752956240738625
0.7433174744134242        0.020235967614077803     6                        0.7433174744134242       0.020235967614077803     6                        0.683293368509014        0.021581022314026133
0.7585256506777339        0.03705856464997832      6                        0.7585256506777339       0.03705856464997832      6                        0.7002787160092669       0.03861499604007087
0.7534914817095798        0.030521088269290418     6                        0.7534914817095798       0.030521088269290418     6                        0.6946004817701685       0.0320445831102075
0.7483743488036922        0.024936346178760067     6                        0.7483743488036922       0.024936346178760067     6                        0.6888951645369156       0.0263854806171156
0.7631368233892574        0.04428827705000824      6                        0.7631368233892574       0.04428827705000824      6                        0.7055795134700807       0.045828999515506376
0.6951689301689756        0                        7                        0.6951689301689756       0                        7                        0.6286648798233111       0
0.6901720344945991        0                        7                        0.6901720344945991       0                        7                        0.6233768522398522       0
0.6988651702275327        0                        7                        0.6988651702275327       0                        7                        0.6332577481786711       0
0.701933481899691         0                        7                        0.701933481899691        0                        7                        0.6369170511815435       0
0.7046761415140306        0                        7                        0.7046761415140306       0                        7                        0.6401236752497237       0
0.7075435906914698        0                        7                        0.7075435906914698       0                        7                        0.6434206530885342       0
0.7106318928018294        0                        7                        0.7106318928018294       0                        7                        0.6469251233029817       0
0.713969930425681         0                        7                        0.713969930425681        0                        7                        0.6506735006123291       0
0.7175872988052427        0                        7                        0.7175872988052427       0                        7                        0.6547035394228351       0
0.721520134433951         0                        7                        0.721520134433951        0                        7                        0.6590619739762003       0
0.7258078934094345        0                        7                        0.7258078934094345       0                        7                        0.6637985127860097       0
0.7304963478828854        0                        7                        0.7304963478828854       0                        7                        0.6689712473054703       0
0.7356377905998837        0                        7                        0.7356377905998837       0                        7                        0.674644869312475        0
0.7412891487217544        0                        7                        0.7412891487217544       0                        7                        0.68088851972015         0
0.7475140545565038        0                        7                        0.7475140545565038       0                        7                        0.6877791348525263       0
0.7543834247546765        0                        7                        0.7543834247546765       0                        7                        0.6954007641585846       0
0.7619732902888326        0                        7                        0.7619732902888326       0                        7                        0.7038416686703376       0
0.7703682541753635        0                        7                        0.7703682541753635       0                        7                        0.7131967385363288       0
0.7796576406078669        0                        7                        0.7796576406078669       0                        7                        0.7235620352447072       0
0.7899388602444072        0                        7                        0.7899388602444072       0                        7                        0.7350380965571285       0
0.8013148103018476        0                        7                        0.8013148103018476       0                        7                        0.7477275583045011       0
0.813896067997789         0                        7                        0.813896067997789        0                        7                        0.7617385525930178       0
0.827801825743261         0                        7                        0.827801825743261        0                        7                        0.7771865815588422       0
0.843136593254481         0                        7                        0.843136593254481        0                        7                        0.7941692234131204       0
0.8599131095054895        0                        7                        0.8599131095054895       0                        7                        0.8126818575539154       0
0.8777998520436263        0                        7                        0.8777998520436263       0                        7                        0.8323429832317946       0
0.8968599600710488        0                        7                        0.8968599600710488       0                        7                        0.8532095936966356       0
0.9169756566800519        0                        7                        0.9169756566800519       0                        7                        0.875142249123465        0
0.9374681891777568        0                        7                        0.9374681891777568       0                        7                        0.8973969894687608       0
0.9586421415271404        0                        7                        0.9586421415271404       0                        7                        0.920304053978747        0
0.9807411645210183        0                        7                        0.9807411645210183       0                        7                        0.9441237866294178       0
1.875                     0                        7                        1.875                    0                        7                        1.875                    0
1.784745052542039         0                        7                        1.784745052542039        0                        7                        1.782395972574854        0
1.003790736283793         0                        7                        1.003790736283793        0                        7                        0.9688795403603992       0
1.7029786997204746        0                        7                        1.7029786997204746       0                        7                        1.6983575713082042       0
1.0275835839685157        0                        7                        1.0275835839685157       0                        7                        0.9943463220854662       0
1.6289075762452634        0                        7                        1.6289075762452634       0                        7                        1.6221044605333168       0
1.0517655952230942        0                        7                        1.0517655952230942       0                        7                        1.02014620615746         0
1.5618057900669753        0                        7                        1.5618057900669753       0                        7                        1.552910113137107        0
1.0765042121872836        0                        7                        1.0765042121872836       0                        7                        1.046460048442934        0
1.501011613608518         0                        7                        1.501011613608518        0                        7                        1.4901091746021322       0
1.101885218532335         0                        7                        1.101885218532335        0                        7                        1.0733801682690522       0
1.445928891510683         0                        7                        1.445928891510683        0                        7                        1.4331017753120499       0
1.1275983469661153        0                        7                        1.1275983469661153       0                        7                        1.100579614140874        0
1.3960187395955888        0                        7                        1.3960187395955888       0                        7                        1.381346187112892        0
1.153601818387249         0                        7                        1.153601818387249        0                        7                        1.1280177174236985       0
1.3507896836238298        0                        7                        1.3507896836238298       0                        7                        1.33434889063876         0
1.1804704727033108        0                        7                        1.1804704727033108       0                        7                        1.1563024088232878       0
1.3098029163719385        0                        7                        1.3098029163719385       0                        7                        1.2916700357511557       0
1.2084853211895286        0                        7                        1.2084853211895286       0                        7                        1.1857279257020434       0
1.2726582237459965        0                        7                        1.2726582237459965       0                        7                        1.25290875228676         0
1.2389941651763479        0                        7                        1.2389941651763479       0                        7                        1.2177032518330613       0
0.777197770719004         0.10267843360403896      8                        0.777197770719004        0.10267843360403896      8                        0.7260929105196179       0.10348079586017392
0.777180874727518         0.09516703381497453      8                        0.777180874727518        0.09516703381497453      8                        0.7250969916091345       0.09604658019396942
0.7766986986998005        0.08765283689576642      8                        0.7766986986998005       0.08765283689576642      8                        0.7236862698473316       0.08862864904650318
0.7757336780872628        0.0801634603722074       8                        0.7757336780872628       0.0801634603722074       8                        0.7218442239439872       0.08124794092927345
0.7667339432735499        0.05112173413283196      8                        0.7667339432735499       0.05112173413283196      8                        0.7098282701057939       0.05261050915294413
0.7631368233892574        0.04428827705000824      8                        0.7631368233892574       0.04428827705000824      8                        0.7055795134700807       0.045828999515506376
0.774269191064462         0.07272976348402177      8                        0.774269191064462        0.07272976348402177      8                        0.7195541698161639       0.07392797006568858
0.7722898703173803        0.0653858610521475       8                        0.7722898703173803       0.0653858610521475       8                        0.7167993123938389       0.06669494853840749
0.7697819906850775        0.05816938744650776      8                        0.7697819906850775       0.05816938744650776      8                        0.7135628672877196       0.05957817019741526
1.875                     1.25                     9                        1.875                    1.25                     9                        1.875                    1.25
1.8749999999999998        1.153577143000734        9                        1.8749999999999998       1.153577143000734        9                        1.8749999999999998       1.153577143000734
1.8749999999999998        1.0571542860014669       9                        1.8749999999999998       1.0571542860014669       9                        1.8749999999999998       1.0571542860014669
1.8749999999999998        0.9607314290022014       9                        1.8749999999999998       0.9607314290022014       9                        1.8749999999999998       0.9607314290022014
1.8749999999999998        0.8643085720029349       9                        1.8749999999999998       0.8643085720029349       9                        1.8749999999999998       0.8643085720029349
1.8749999999999998        0.7678857150036679       9                        1.8749999999999998       0.7678857150036679       9                        1.8749999999999998       0.7678857150036679
1.8749999999999998        0.6714628580044021       9                        1.8749999999999998       0.6714628580044021       9                        1.8749999999999998       0.6714628580044021
1.8749999999999998        0.5750400010051354       9                        1.8749999999999998       0.5750400010051354       9                        1.8749999999999998       0.5750400010051354
1.8749999999999998        0.47861714400586897      9                        1.8749999999999998       0.47861714400586897      9                        1.8749999999999998       0.47861714400586897
1.8749999999999998        0.3821942870066027       9                        1.8749999999999998       0.3821942870066027       9                        1.8749999999999998       0.3821942870066027
1.8749999999999998        0.28577143000733596      9                        1.8749999999999998       0.28577143000733596      9                        1.8749999999999998       0.28577143000733596
1.875                     0.1893485730080696       9                        1.875                    0.1893485730080696       9                        1.875                    0.1893485730080696
1.8749999999999998        0.09293343130154753      9                        1.8749999999999998       0.09293343130154753      9                        1.8749999999999998       0.09293343130154753
1.875                     0                        9                        1.875                    0                        9                        1.875                    0
0.7130352052894061        0.2247424112511188       10                       0.7130352052894061       0.2247424112511188       10                       0.6854192419976979       0.23194174349399418
0.7188387761492163        0.21941181193013704      10                       0.7188387761492163       0.21941181193013704      10                       0.6899146304157906       0.22582786879862934
0.7244656220828033        0.21389926731402284      10                       0.7244656220828033       0.21389926731402284      10                       0.6942113995318735       0.21957538455711706
0.7299024670051606        0.2082031571319494       10                       0.7299024670051606       0.2082031571319494       10                       0.698299490938892        0.2131852014602971
0.735135132494879         0.2023226337365202       10                       0.735135132494879        0.2023226337365202       10                       0.702168284269888        0.20665881622257626
0.7401487271468457        0.1962575109926037       10                       0.7401487271468457       0.1962575109926037       10                       0.7058067278937527       0.19999813318922693
0.7449275307847238        0.19000847727084302      10                       0.7449275307847238       0.19000847727084302      10                       0.709203235401552        0.19320564784129535
0.7494549682770626        0.18357725404464506      10                       0.7494549682770626       0.18357725404464506      10                       0.7123456492881064       0.18628456282362418
0.753713774560579         0.176966490064062        10                       0.753713774560579        0.176966490064062        10                       0.7152213324159464       0.17923861785577302
0.7576857179947263        0.17018032869129537      10                       0.7576857179947263       0.17018032869129537      10                       0.7178169517691187       0.17207264131903585
0.7613520123404671        0.16322392986030204      10                       0.7613520123404671       0.16322392986030204      10                       0.7201187250055066       0.16479198205562515
0.7646929095035129        0.1561043962960568       10                       0.7646929095035129       0.1561043962960568       10                       0.7221121224333549       0.15740342968225385
0.7676881872894942        0.14883010849891873      10                       0.7676881872894942       0.14883010849891873      10                       0.723782138779184        0.1499144560717003
0.7703168273489092        0.14141172511939254      10                       0.7703168273489092       0.14141172511939254      10                       0.725113059852886        0.1423342110582018
0.7725574207122551        0.13386160914332243      10                       0.7725574207122551       0.13386160914332243      10                       0.7260886579768899       0.13467285058538167
0.7743880493127071        0.12619460618415076      10                       0.7743880493127071       0.12619460618415076      10                       0.7266920828710844       0.12694230845578344
0.7757865249920208        0.11842796531485514      10                       0.7757865249920208       0.11842796531485514      10                       0.7269059477895684       0.11915614474102976
0.7767305218671549        0.11058163140190816      10                       0.7767305218671549       0.11058163140190816      10                       0.7267123493272217       0.11132981233122677
0.777197770719004         0.10267843360403896      10                       0.777197770719004        0.10267843360403896      10                       0.7260929105196179       0.10348079586017392
