% Model:              first_sketch_v06__sigmasweep_adaptivemesh_179.9CA.mph
% Version:            COMSOL 5.4.0.388
% Date:               Jul 31 2021, 19:02
% Dimension:          2
% Nodes:              319
% Expressions:        6
% Description:        Entity index, r-coordinate, z-coordinate
% Length unit:        mm
% r                       z                        dom @ t=7                r (mm) @ t=7             z (mm) @ t=7             dom @ t=17               r (mm) @ t=17            z (mm) @ t=17
0                         0                        1                        0                        0                        1                        0                        0
0                         0.026892084919553406     1                        0                        0.026892084919553406     1                        0                        0.03611451356328872
0                         0.05127037189774719      1                        0                        0.05127037189774719      1                        0                        0.06885601369556889
0                         0.07340897714304788      1                        0                        0.07340897714304788      1                        0                        0.0985939831457649
0                         0.09351366260008025      1                        0                        0.09351366260008025      1                        0                        0.12560503899173392
0                         0.11177128689075357      1                        0                        0.11177128689075357      1                        0                        0.15013978258688687
0                         0.12835154295201853      1                        0                        0.12835154295201853      1                        0                        0.1724254358627401
0                         0.1434085337009047       1                        0                        0.1434085337009047       1                        0                        0.19266816366490297
0                         0.1570822055229032       1                        0                        0.1570822055229032       1                        0                        0.21105511919117173
0                         0.1694996468583974       1                        0                        0.1694996468583974       1                        0                        0.2277562553711933
0                         0.18077627081911807      1                        0                        0.18077627081911807      1                        0                        0.24292594418161262
0                         0.1910168871968236       1                        0                        0.1910168871968236       1                        0                        0.2567044249482124
0                         0.20031667656439528      1                        0                        0.20031667656439528      1                        0                        0.2692191100908582
0                         0.2089019898230896       1                        0                        0.2089019898230896       1                        0                        0.28077408623883526
0.028391684918134652      0                        2                        0.028391684918134652     0                        2                        0.026347508922628736     0
0                         0                        2                        0                        0                        2                        0                        0
0.05787725768600499       0                        2                        0.05787725768600499      0                        2                        0.05370484078814545      0
0.08784546429684831       0                        2                        0.08784546429684831      0                        2                        0.08149903114476117      0
0.11683094085061191       0                        2                        0.11683094085061191      0                        2                        0.10836566503486998      0
0.14571722639185358       0                        2                        0.14571722639185358      0                        2                        0.13511893560979002      0
0.1746019373400512        0                        2                        0.1746019373400512       0                        2                        0.16184344313245153      0
0.20348465663280355       0                        2                        0.20348465663280355      0                        2                        0.18853237492315367      0
0.23236471903977024       0                        2                        0.23236471903977024      0                        2                        0.21517830461291948      0
0.2612412222625525        0                        2                        0.2612412222625525       0                        2                        0.24177287971584133      0
0.2901133909369805        0                        2                        0.2901133909369805       0                        2                        0.2683071279796351       0
0.3189793962559908        0                        2                        0.3189793962559908       0                        2                        0.2947702068623011       0
0.34783825974003063       0                        2                        0.34783825974003063      0                        2                        0.32115115323674376      0
0.3766869135205763        0                        2                        0.3766869135205763       0                        2                        0.3474359932803606       0
0.40552349076193167       0                        2                        0.40552349076193167      0                        2                        0.37361021605411493      0
0.43434333731171565       0                        2                        0.43434333731171565      0                        2                        0.3996556837768081       0
0.46314281439643207       0                        2                        0.46314281439643207      0                        2                        0.42555343778549337      0
0.49191391372878585       0                        2                        0.49191391372878585      0                        2                        0.45127880137698895      0
0.5206506652143762        0                        2                        0.5206506652143762       0                        2                        0.47680691734905867      0
0.5493397749850261        0                        2                        0.5493397749850261       0                        2                        0.5021042471938002       0
0.5779684273901988        0                        2                        0.5779684273901988       0                        2                        0.5271356266348383       0
0.606517955975155         0                        2                        0.606517955975155        0                        2                        0.5518577619344162       0
0.6349467520038883        0                        2                        0.6349467520038883       0                        2                        0.5762050442834552       0
0.6624795636976961        0                        2                        0.6624795636976961       0                        2                        0.5994940626564402       0
0.6881405538614           0                        2                        0.6881405538614          0                        2                        0.6209082479065557       0
0.7113878068151003        0                        2                        0.7113878068151003       0                        2                        0.6400343288163656       0
0.7324459955989788        0                        2                        0.7324459955989788       0                        2                        0.6571072808404044       0
0.7515211834816529        0                        2                        0.7515211834816529       0                        2                        0.6723412647954982       0
0.7687992135522576        0                        2                        0.7687992135522576       0                        2                        0.685928077968562        0
0.7844436812499692        0                        2                        0.7844436812499692       0                        2                        0.6980361956107082       0
0.7986144668290527        0                        2                        0.7986144668290527       0                        2                        0.7088255039720887       0
0.811450461997877         0                        2                        0.811450461997877        0                        2                        0.7184341546781212       0
0.8230735508127509        0                        2                        0.8230735508127509       0                        2                        0.7269825908939902       0
0.8335969786332244        0                        2                        0.8335969786332244       0                        2                        0.7345804393004222       0
0.8431285416217957        0                        2                        0.8431285416217957       0                        2                        0.7413290541988358       0
0.8517566231454697        0                        2                        0.8517566231454697       0                        2                        0.7473121242486923       0
0.8595665885284497        0                        2                        0.8595665885284497       0                        2                        0.7526079173237953       0
0.8666383286917676        0                        2                        0.8666383286917676       0                        2                        0.7572875073331082       0
0.8730323013185018        0                        2                        0.8730323013185018       0                        2                        0.7614063061059876       0
0.8788201810003896        0                        2                        0.8788201810003896       0                        2                        0.7650241063856638       0
0.8840470447152708        0                        2                        0.8840470447152708       0                        2                        0.7681811290788446       0
0.8887720062144019        0                        2                        0.8887720062144019       0                        2                        0.770923528205489        0
0.8930257071759785        0                        2                        0.8930257071759785       0                        2                        0.7732777244947832       0
0.8968513023244806        0                        2                        0.8968513023244806       0                        2                        0.7752733604146487       0
0.9002597451013761        0                        2                        0.9002597451013761       0                        2                        0.7769134959591869       0
0.9032393583683281        0                        2                        0.9032393583683281       0                        2                        0.7781717436973722       0
0.9055174287530048        0                        2                        0.9055174287530048       0                        2                        0.7789446845225645       0
0                         0.2089019898230896       3                        0                        0.2089019898230896       3                        0                        0.28077408623883526
0                         0.21770272332103097      3                        0                        0.21770272332103097      3                        0                        0.2890697811556598
0                         0.22743288012364046      3                        0                        0.22743288012364046      3                        0                        0.29823689924667685
0                         0.23819061335795702      3                        0                        0.23819061335795702      3                        0                        0.308366448247261
0                         0.25008444154982884      3                        0                        0.25008444154982884      3                        0                        0.3195588408775093
0                         0.2632343432198985       3                        0                        0.2632343432198985       3                        0                        0.33192485507417746
0                         0.2777729627538866       3                        0                        0.2777729627538866       3                        0                        0.3455866921462673
0                         0.2938469606615385       3                        0                        0.2938469606615385       3                        0                        0.3606791652877386
0                         0.3116184813063126       3                        0                        0.3116184813063126       3                        0                        0.3773509990093305
0                         0.3312667890878816       3                        0                        0.3312667890878816       3                        0                        0.3957662930628806
0                         0.35299008314349767      3                        0                        0.35299008314349767      3                        0                        0.4161061715630223
0                         0.37700749309355447      3                        0                        0.37700749309355447      3                        0                        0.4385706345774086
0                         0.4035612853612696       3                        0                        0.4035612853612696       3                        0                        0.4633806582293532
0                         0.43291931721011323      3                        0                        0.43291931721011323      3                        0                        0.4907806000018916
0                         0.4653777271558822       3                        0                        0.4653777271558822       3                        0                        0.5210409213804927
0                         0.5012639329680344       3                        0                        0.5012639329680344       3                        0                        0.5544613147299436
0                         0.5409399288851088       3                        0                        0.5409399288851088       3                        0                        0.5913742357453268
0                         0.5848059389453836       3                        0                        0.5848059389453836       3                        0                        0.6321488907123247
0                         0.6333044582101115       3                        0                        0.6333044582101115       3                        0                        0.6771956860678366
0                         0.6869247151514382       3                        0                        0.6869247151514382       3                        0                        0.726971118550389
0                         0.7462076084284932       3                        0                        0.7462076084284932       3                        0                        0.7819830858105724
0                         0.8117511645295338       3                        0                        0.8117511645295338       3                        0                        0.842796600040043
0                         0.8842165701530544       3                        0                        0.8842165701530544       3                        0                        0.9100399397432795
0                         0.9643348450069557       3                        0                        0.9643348450069557       3                        0                        0.9844113868929835
0                         1.0529142013181005       3                        0                        1.0529142013181005       3                        0                        1.0666867966335183
0                         1.14960725769601         3                        0                        1.14960725769601         3                        0                        1.1565732133594995
0                         1.25                     3                        0                        1.25                     3                        0                        1.25
0                         0.2089019898230896       4                        0                        0.2089019898230896       4                        0                        0.28077408623883526
0.00831004229310756       0.20890189647824506      4                        0.00831004229310756      0.20890189647824506      4                        0.007817522110466156     0.28077291067256577
0.016620084530951998      0.20890161594335324      4                        0.016620084530951998     0.20890161594335324      4                        0.015635054520641397     0.28076938064971135
0.02493012663187371       0.20890114678590999      4                        0.02493012663187371      0.20890114678590999      4                        0.02345260762079352      0.28076348658778894
0.033240168515157785      0.208900486600935        4                        0.033240168515157785     0.208900486600935        4                        0.03127019169375691      0.28075521244606816
0.04155021010080275       0.20889963200186287      4                        0.04155021010080275      0.20889963200186287      4                        0.039087817214057664     0.28074453568549707
0.04986025130920907       0.20889857860164585      4                        0.04986025130920907      0.20889857860164585      4                        0.0469054949417812       0.2807314272263359
0.05817029206170134       0.20889732098787256      4                        0.05817029206170134      0.20889732098787256      4                        0.054723235703057094     0.28071585135664173
0.2576109292731349        0.20876813511521516      4                        0.2576109292731349       0.20876813511521516      4                        0.24240236354213401      0.2793746821295481
0.265920929632727         0.20875566117000594      4                        0.265920929632727        0.20875566117000594      4                        0.25022630306263255      0.27926222292773917
0.2742309264730755        0.2087422204727077       4                        0.2742309264730755       0.2087422204727077       4                        0.25805072327571044      0.2791432501601301
0.2825409196080698        0.2087277395662689       4                        0.2825409196080698       0.2087277395662689       4                        0.26587564381027545      0.27901743296736026
0.2908509088417225        0.2087121390945059       4                        0.2908509088417225       0.2087121390945059       4                        0.2737010838402398       0.27888442101419936
0.2991608939622869        0.2086953333365112       4                        0.2991608939622869       0.2086953333365112       4                        0.2815270618902975       0.2787438434536993
0.3074708747346397        0.20867722970303584      4                        0.3074708747346397       0.20867722970303584      4                        0.28935359560403107      0.2785953078311141
0.31578085089060387       0.20865772819175496      4                        0.31578085089060387      0.20865772819175496      4                        0.2971807014717693       0.2784383989216744
0.32409082227933267       0.20863672079770082      4                        0.32409082227933267      0.20863672079770082      4                        0.3050083947170184       0.27827267749638923
0.33240079325286614       0.2086140908635091       4                        0.33240079325286614      0.2086140908635091       4                        0.3128366931462636       0.2780976789219417
0.3407107636365851        0.20858971241282284      4                        0.3407107636365851       0.20858971241282284      4                        0.3206656082694017       0.2779129119612433
0.20775086332196976       0.20882614918415246      4                        0.20775086332196976      0.20882614918415246      4                        0.19546770243094816      0.2799289611780375
0.21606088099385054       0.20881821319030777      4                        0.21606088099385054      0.20881821319030777      4                        0.2032891768670615       0.2798496098000133
0.22437089624302559       0.20880964925334725      4                        0.22437089624302559      0.20880964925334725      4                        0.21111101267567034      0.27976537192190937
0.23268090887937637       0.20880041133372584      4                        0.23268090887937637      0.20880041133372584      4                        0.2189332293761044       0.2796760149011908
0.24930092557506145       0.20877971029661863      4                        0.24930092557506145      0.20877971029661863      4                        0.23457888479396521      0.279480940124667
0.24099091871733763       0.2087904496315015       4                        0.24099091871733763      0.2087904496315015       4                        0.22675584675883748      0.2795812916928174
0.06648033228038207       0.2088958526920834       4                        0.06648033228038207      0.2088958526920834       4                        0.06254105056470972      0.28069776563130727
0.07479037188791098       0.2088941661530682       4                        0.07479037188791098      0.2088941661530682       4                        0.07035895087569177      0.28067712075322704
0.08310041080764341       0.20889225267389405      4                        0.08310041080764341      0.20889225267389405      4                        0.0781769482613668       0.2806538604311103
0.09141044896343917       0.20889010237247113      4                        0.09141044896343917      0.20889010237247113      4                        0.08599505470356042      0.28062792121893887
0.09972048627973612       0.20888770412532037      4                        0.09972048627973612      0.20888770412532037      4                        0.0938132825205736       0.2805992323337961
0.1080305226813548        0.20888504550424541      4                        0.1080305226813548       0.20888504550424541      4                        0.10163164443529507      0.28056771545463854
0.1163405580934237        0.2088821127054887       4                        0.1163405580934237       0.2088821127054887       4                        0.10945015357960891      0.28053328449747406
0.12465059244115477       0.20887889047098487      4                        0.12465059244115477      0.20887889047098487      4                        0.11726882352579758      0.28049584536915434
0.19944084342258278       0.20883349978145735      4                        0.19944084342258278      0.20883349978145735      4                        0.1876465701755613       0.28000364497543184
0.19113082149619554       0.20884030428264108      4                        0.19113082149619554      0.20884030428264108      4                        0.17982576129628663      0.2800738670285479
0.18282079774868953       0.2088465989696012       4                        0.18282079774868953      0.2088465989696012       4                        0.17200525743262002      0.28013982068939425
0.17451077239127724       0.20885241731559046      4                        0.17451077239127724      0.20885241731559046      4                        0.1641850406811847       0.28020168738890294
0.16620074564034676       0.20885779017855824      4                        0.16620074564034676      0.20885779017855824      4                        0.15636509361582548      0.28025963716357233
0.15789071768020457       0.20886274597917925      4                        0.15789071768020457      0.20886274597917925      4                        0.14854539928645003      0.2803138291494942
0.13296062564960678       0.20887536200121118      4                        0.13296062564960678      0.20887536200121118      4                        0.12508766830775864      0.28045529569687366
0.14127065764337388       0.20887150885914652      4                        0.14127065764337388      0.20887150885914652      4                        0.13290670243871605      0.2804115245348955
0.14958068834615657       0.2088673108647215       4                        0.14958068834615657      0.2088673108647215       4                        0.14072594092635357      0.28036441204440743
0.3490207304199387        0.20856344940398397      4                        0.3490207304199387       0.20856344940398397      4                        0.32849514646321726      0.2777178572986701
0.3573306906530271        0.2085351549173394       4                        0.3573306906530271       0.2085351549173394       4                        0.33632531128538223      0.2775119659412162
0.36564064144937203       0.20850467028398906      4                        0.36564064144937203      0.20850467028398906      4                        0.3441561030106753       0.27729465758608357
0.37395057998690096       0.20847182414362891      4                        0.37395057998690096      0.20847182414362891      4                        0.35198751806353573      0.27706531889776514
0.38226050350647184       0.20843643142567342      4                        0.38226050350647184      0.20843643142567342      4                        0.3598195483774757       0.27682330168659075
0.39057040930683773       0.2083982922474462       4                        0.39057040930683773      0.2083982922474462       4                        0.3676521807265238       0.276567920985495
0.3988802947349019        0.2083571907226373       4                        0.3988802947349019       0.2083571907226373       4                        0.3754853959710122       0.2762984530187316
0.4071901571698262        0.20831289367273442      4                        0.4071901571698262       0.20831289367273442      4                        0.38331916820284945      0.2760141330600032
0.4154999939992091        0.20826514923348002      4                        0.4154999939992091       0.20826514923348002      4                        0.3911534637249278       0.2757141531759379
0.42380980258528456       0.20821368534780996      4                        0.42380980258528456      0.20821368534780996      4                        0.3989882401310255       0.275397659841316
0.4321195802174789        0.2081582081359654       4                        0.4321195802174789       0.2081582081359654       4                        0.40682344494388445      0.27506375143867356
0.4404293240493478        0.20809840013278735      4                        0.4404293240493478       0.20809840013278735      4                        0.4146590143485089       0.27471147561994785
0.44873903101474966       0.2080339183813313       4                        0.44873903101474966      0.2080339183813313       4                        0.42249487168351757      0.27433982653537126
0.4570486977184379        0.2079643923711233       4                        0.4570486977184379       0.2079643923711233       4                        0.43033092583371435      0.2739477419202253
0.46535832029538854       0.20788942180838238      4                        0.46535832029538854      0.20788942180838238      4                        0.438167069378904        0.27353410004015705
0.4736678942312034        0.2078085742046259       4                        0.4736678942312034       0.2078085742046259       4                        0.4460031764600912       0.2730977164966745
0.48197741413464545       0.20772138226890083      4                        0.48197741413464545      0.20772138226890083      4                        0.45383910048688375      0.2726373408797215
0.4902868746685295        0.20762734107355132      4                        0.4902868746685295       0.20762734107355132      4                        0.4616746727425883       0.27215165319856993
0.4985962622691161        0.20752590509989383      4                        0.4985962622691161       0.20752590509989383      4                        0.46950969203890347      0.27163926072111994
0.5069055537463304        0.20741648498728726      4                        0.5069055537463304       0.20741648498728726      4                        0.4773439205448129       0.2710986943699647
0.5152147258073154        0.20729844386654928      4                        0.5152147258073154       0.20729844386654928      4                        0.48517708965969525      0.2705284042400499
0.5235237550577733        0.20717109349526316      4                        0.5235237550577733       0.20717109349526316      4                        0.4930088967194435       0.2699267554652239
0.5318326177466658        0.20703369007813852      4                        0.5318326177466658       0.20703369007813852      4                        0.500839001061934        0.26929202395451124
0.5401412894150358        0.20688542974450658      4                        0.5401412894150358       0.20688542974450658      4                        0.5086670194768435       0.26862239200775434
0.5484497444243771        0.20672544365501055      4                        0.5484497444243771       0.20672544365501055      4                        0.5164925213168752       0.26791594379748956
0.5567579553328905        0.20655279270762666      4                        0.5567579553328905       0.20655279270762666      4                        0.5243150231561288       0.26717066073750373
0.5650658924151413        0.20636646180324555      4                        0.5650658924151413       0.20636646180324555      4                        0.5321339828959498       0.266384416758891
0.5733735471043587        0.20616535303347092      4                        0.5733735471043587       0.20616535303347092      4                        0.5399488158023713       0.26555497106256487
0.58168084993997          0.20594828092693765      4                        0.58168084993997         0.20594828092693765      4                        0.5477588110581967       0.26467997138912347
0.589987695454829         0.20571396499693978      4                        0.589987695454829        0.20571396499693978      4                        0.5555631485407899       0.26375694784125997
0.5982939782161566        0.2054610211101437       4                        0.5982939782161566       0.2054610211101437       4                        0.5633609250579565       0.262783304723341
0.606599591912397         0.20518795299349632      4                        0.606599591912397        0.20518795299349632      4                        0.5711511452425156       0.26175631583947156
0.6149044280709504        0.20489314303410852      4                        0.6149044280709504       0.20489314303410852      4                        0.57893271177303         0.2606731198987946
0.6232083743088294        0.20457484231516723      4                        0.6232083743088294       0.20457484231516723      4                        0.5867044142782389       0.2595307161753631
0.63151131199179          0.20423115982828277      4                        0.63151131199179         0.20423115982828277      4                        0.5944649169966765       0.2583259605029389
0.6398131131529713        0.2038600508008263       4                        0.6398131131529713       0.2038600508008263       4                        0.6022127451246684       0.25705556171751137
0.648113631706012         0.20345930431620962      4                        0.648113631706012        0.20345930431620962      4                        0.6099462652144418       0.2557160794930271
0.6564126143974062        0.20302653432897808      4                        0.6564126143974062       0.20302653432897808      4                        0.6176635906296473       0.2543039370096045
0.6647097352181711        0.20255916451947334      4                        0.6647097352181711       0.20255916451947334      4                        0.6253626014189384       0.25281541652915174
0.6730046619369489        0.2020544092143411       4                        0.6730046619369489       0.2020544092143411       4                        0.6330409947396849       0.25124664757077136
0.6812970497132824        0.20150925604647496      4                        0.6812970497132824       0.20150925604647496      4                        0.6406962654778012       0.24959360708017309
0.6895865375601343        0.20092044685096072      4                        0.6895865375601343       0.20092044685096072      4                        0.648325690854493        0.2478521196183928
0.6978726381975086        0.20028446522351098      4                        0.6978726381975086       0.20028446522351098      4                        0.6559262167657691       0.24601788265610078
0.7061546698656418        0.199597522486311        4                        0.7061546698656418       0.199597522486311        4                        0.6634943876736201       0.2440864896045142
0.7144319214433862        0.19885552306609033      4                        0.7144319214433862       0.19885552306609033      4                        0.6710264889304299       0.24205340090057104
0.7227036529023451        0.1980540376225662       4                        0.7227036529023451       0.1980540376225662       4                        0.6785185398523494       0.23991394668632404
0.7309690842982987        0.1971882742989463       4                        0.7309690842982987       0.1971882742989463       4                        0.6859662812976706       0.23766333125875383
0.7392270974726242        0.19625308069761227      4                        0.7392270974726242       0.19625308069761227      4                        0.6933649077288266       0.23529672201796462
0.7474762210217846        0.19524292266474863      4                        0.7474762210217846       0.19524292266474863      4                        0.7007090653732353       0.23280927565793927
0.755714934087756         0.19415181853872712      4                        0.755714934087756        0.19415181853872712      4                        0.707993138465331        0.23019606149924152
0.7639416501949564        0.19297329878168834      4                        0.7639416501949564       0.19297329878168834      4                        0.7152112523657913       0.22745206118855138
0.7721545209759633        0.19170038923736002      4                        0.7721545209759633       0.19170038923736002      4                        0.7223571239563713       0.22457222859785958
0.7803510035847867        0.19032564325996987      4                        0.7803510035847867       0.19032564325996987      4                        0.7294237248786761       0.22155165088019377
0.7885283808206256        0.1888410246310284       4                        0.7885283808206256       0.1888410246310284       4                        0.7364037818119185       0.21838537175230982
0.7966834604682358        0.18723790895948608      4                        0.7966834604682358       0.18723790895948608      4                        0.743289566957919        0.21506848760230007
0.8048124107299323        0.1855070736489649       4                        0.8048124107299323       0.1855070736489649       4                        0.750072819411245        0.2115962062642885
0                         1.25                     5                        0                        1.25                     5                        0                        1.25
0.0986842105263158        1.25                     5                        0.0986842105263158       1.25                     5                        0.0986842105263158       1.25
0.1973684210526316        1.25                     5                        0.1973684210526316       1.25                     5                        0.1973684210526316       1.25
0.29605263157894735       1.25                     5                        0.29605263157894735      1.25                     5                        0.29605263157894735      1.25
0.39473684210526333       1.25                     5                        0.39473684210526333      1.25                     5                        0.39473684210526333      1.25
0.4934210526315792        1.25                     5                        0.4934210526315792       1.25                     5                        0.4934210526315792       1.25
0.5921052631578948        1.2499999999999998       5                        0.5921052631578948       1.2499999999999998       5                        0.5921052631578948       1.2499999999999998
0.6907894736842106        1.25                     5                        0.6907894736842106       1.25                     5                        0.6907894736842106       1.25
0.7894736842105265        1.25                     5                        0.7894736842105265       1.25                     5                        0.7894736842105265       1.25
0.8881578947368423        1.25                     5                        0.8881578947368423       1.25                     5                        0.8881578947368423       1.25
0.9868421052631577        1.25                     5                        0.9868421052631577       1.25                     5                        0.9868421052631577       1.25
1.677631578947368         1.25                     5                        1.677631578947368        1.25                     5                        1.677631578947368        1.25
1.776315789473683         1.2500000000000002       5                        1.776315789473683        1.2500000000000002       5                        1.776315789473683        1.2500000000000002
1.875                     1.25                     5                        1.875                    1.25                     5                        1.875                    1.25
1.0855263157894735        1.2500000000000002       5                        1.0855263157894735       1.2500000000000002       5                        1.0855263157894735       1.2500000000000002
1.1842105263157894        1.25                     5                        1.1842105263157894       1.25                     5                        1.1842105263157894       1.25
1.282894736842105         1.25                     5                        1.282894736842105        1.25                     5                        1.282894736842105        1.25
1.3815789473684208        1.25                     5                        1.3815789473684208       1.25                     5                        1.3815789473684208       1.25
1.4802631578947365        1.25                     5                        1.4802631578947365       1.25                     5                        1.4802631578947365       1.25
1.5789473684210515        1.2500000000000002       5                        1.5789473684210515       1.2500000000000002       5                        1.5789473684210515       1.2500000000000002
0.909180370950225         1.4485261714738612E-4    6                        0.909180370950225        1.4485261714738612E-4    6                        0.783208736335067        1.5232274910677957E-4
0.9055174287530048        0                        6                        0.9055174287530048       0                        6                        0.7789446845225645       0
0.911877297583635         4.2858816036823164E-4    6                        0.911877297583635        4.2858816036823164E-4    6                        0.787402714475556        5.824438153702465E-4
0.914162663365656         7.88115744889398E-4      6                        0.914162663365656        7.88115744889398E-4      6                        0.7907178814302586       0.001121579681990526
0.9163141045365488        0.001228259524443497     6                        0.9163141045365488       0.001228259524443497     6                        0.7935937425740864       0.001734488445487983
0.9186164480435324        0.0018111506930951345    6                        0.9186164480435324       0.0018111506930951345    6                        0.7965019567907174       0.0024948758174690145
0.9210899216971238        0.002570366552469074     6                        0.9210899216971238       0.002570366552469074     6                        0.7994974145918899       0.003430398744947137
0.923750869136792         0.003547531399962444     6                        0.923750869136792        0.003547531399962444     6                        0.8026503428556205       0.004588600234427164
0.9266242687989047        0.0048000288626002564    6                        0.9266242687989047       0.0048000288626002564    6                        0.8060279471929814       0.006036599029142173
0.9297062593812975        0.006388302876931882     6                        0.9297062593812975       0.006388302876931882     6                        0.8096183349394779       0.0078259341227614
0.9329785904190341        0.00837955130612617      6                        0.9329785904190341       0.00837955130612617      6                        0.8134036557842845       0.010014402961476388
0.9364162703094056        0.010853822543899641     6                        0.9364162703094056       0.010853822543899641     6                        0.8173673043863052       0.012672913171758502
0.9399729876988948        0.01389742627307711      6                        0.9399729876988948       0.01389742627307711      6                        0.8214665526839264       0.01586987978835713
0.9471530281577771        0.022076897433287057     6                        0.9471530281577771       0.022076897433287057     6                        0.8298352049760573       0.02417143267419603
0.9435828033477572        0.017605274458386142     6                        0.9435828033477572       0.017605274458386142     6                        0.8256470799841773       0.019678735740543175
0.9505576586095725        0.027409561657153865     6                        0.9505576586095725       0.027409561657153865     6                        0.8339382778414858       0.029416364412284127
0.9561818409872073        0.040996386897537464     6                        0.9561818409872073       0.040996386897537464     6                        0.8414297017956172       0.04241682015083814
0.9536343794757765        0.03369219112222594      6                        0.9536343794757765       0.03369219112222594      6                        0.8378460010447587       0.03547819606647268
0.9091962856926706        0                        7                        0.9091962856926706       0                        7                        0.7832776115462856       0
0.9055174287530048        0                        7                        0.9055174287530048       0                        7                        0.7789446845225645       0
0.9119320275201799        0                        7                        0.9119320275201799       0                        7                        0.7875253059515723       0
0.9142971136480726        0                        7                        0.9142971136480726       0                        7                        0.7908634032351536       0
0.9164567240007989        0                        7                        0.9164567240007989       0                        7                        0.7937015710536818       0
0.9187373646264081        0                        7                        0.9187373646264081       0                        7                        0.7965336201002181       0
0.9212265081450443        0                        7                        0.9212265081450443       0                        7                        0.799515528980178        0
0.9239727212145703        0                        7                        0.9239727212145703       0                        7                        0.8027433699045422       0
0.9270193014993743        0                        7                        0.9270193014993743       0                        7                        0.8062989870421475       0
0.9303896134055292        0                        7                        0.9303896134055292       0                        7                        0.8102362783210891       0
0.9341109347982073        0                        7                        0.9341109347982073       0                        7                        0.8146138808845765       0
0.9382205172380962        0                        7                        0.9382205172380962       0                        7                        0.819500412073896        0
0.9427590193271613        0                        7                        0.9427590193271613       0                        7                        0.8249674169550326       0
0.9477714187716371        0                        7                        0.9477714187716371       0                        7                        0.8310884834627107       0
0.9533079258704897        0                        7                        0.9533079258704897       0                        7                        0.8379360733574583       0
0.9594234774908008        0                        7                        0.9594234774908008       0                        7                        0.8455791788756007       0
0.9661796392860336        0                        7                        0.9661796392860336       0                        7                        0.854085914138433        0
0.9736435645903193        0                        7                        0.9736435645903193       0                        7                        0.8635245429662246       0
0.9818903976143345        0                        7                        0.9818903976143345       0                        7                        0.8739685331973398       0
0.9910023024022186        0                        7                        0.9910023024022186       0                        7                        0.8854964295085344       0
1.875                     0                        7                        1.875                    0                        7                        1.875                    0
1.8000923525760855        0                        7                        1.8000923525760855       0                        7                        1.7949828928244282       0
1.001070758007679         0                        7                        1.001070758007679        0                        7                        0.8981952050320993       0
1.7323105200831732        0                        7                        1.7323105200831732       0                        7                        1.7223154886751966       0
1.012196428315613         0                        7                        1.012196428315613        0                        7                        0.9121600487989105       0
1.6709765287867284        0                        7                        1.6709765287867284       0                        7                        1.6563366176752738       0
1.024490553453903         0                        7                        1.024490553453903        0                        7                        0.9274960753799483       0
1.6154772332049425        0                        7                        1.6154772332049425       0                        7                        1.596427723734128        0
1.0380416544378714        0                        7                        1.0380416544378714       0                        7                        0.9442771484959431       0
1.5652581117124427        0                        7                        1.5652581117124427       0                        7                        1.542023199316571        0
1.0528826509457967        0                        7                        1.0528826509457967       0                        7                        0.9625073216924032       0
1.5198159757456575        0                        7                        1.5198159757456575       0                        7                        1.4926082581583389       0
1.0687967786193797        0                        7                        1.0687967786193797       0                        7                        0.9818891973109873       0
1.4786967565100042        0                        7                        1.4786967565100042       0                        7                        1.4477185228628042       0
1.0854940958293735        0                        7                        1.0854940958293735       0                        7                        1.0020501134319542       0
1.4414895650254673        0                        7                        1.4414895650254673       0                        7                        1.406934558085789        0
1.1027521638112416        0                        7                        1.1027521638112416       0                        7                        1.022713274654884        0
1.407821343106414         0                        7                        1.407821343106414        0                        7                        1.3698760477596514       0
1.120495173732869         0                        7                        1.120495173732869        0                        7                        1.043786459931391        0
1.377356661972032         0                        7                        1.377356661972032        0                        7                        1.3362016518990247       0
1.1390878741343584        0                        7                        1.1390878741343584       0                        7                        1.065698944061157        0
1.349789547528952         0                        7                        1.349789547528952        0                        7                        1.3055999559841347       0
1.158768035883776         0                        7                        1.158768035883776        0                        7                        1.0887204778209578       0
1.324845342394428         0                        7                        1.324845342394428        0                        7                        1.277791537271943        0
1.1783774417101005        0                        7                        1.1783774417101005       0                        7                        1.1114987793214641       0
1.3022431214054835        0                        7                        1.3022431214054835       0                        7                        1.2524869422045926       0
1.1978695756870763        0                        7                        1.1978695756870763       0                        7                        1.1339964960562443       0
1.2805961227847464        0                        7                        1.2805961227847464       0                        7                        1.2281470686822085       0
1.2178383065050125        0                        7                        1.2178383065050125       0                        7                        1.1569083584213868       0
1.259248711571769         0                        7                        1.259248711571769        0                        7                        1.2040342344936528       0
1.2383070331390909        0                        7                        1.2383070331390909       0                        7                        1.1802636935947268       0
0.9459172510626342        0.10358166789177647      8                        0.9459172510626342       0.10358166789177647      8                        0.8465497032537701       0.1025004344846291
0.9497796629969817        0.09639302150502961      8                        0.9497796629969817       0.09639302150502961      8                        0.8479409752017012       0.09522950971112222
0.9530348459344823        0.0889098530813571       8                        0.9530348459344823       0.0889098530813571       8                        0.8488333438795371       0.08782406698840506
0.9556160875201564        0.08116839531524715      8                        0.9556160875201564       0.08116839531524715      8                        0.8491882597277571       0.08030671610872978
0.9574555800717605        0.0732180000629984       8                        0.9574555800717605       0.0732180000629984       8                        0.8489645446185117       0.07270573535272291
0.9584866161005643        0.06512293138017965      8                        0.9584866161005643       0.06512293138017965      8                        0.848118447428464        0.06505608106038718
0.9586464944323624        0.05696393429102807      8                        0.9586464944323624       0.05696393429102807      8                        0.8466037622829011       0.057400619533752265
0.9578801843571536        0.048839280415618205     8                        0.9578801843571536       0.048839280415618205     8                        0.8443720295044912       0.049791602390289805
0.9561818409872073        0.040996386897537464     8                        0.9561818409872073       0.040996386897537464     8                        0.8414297017956172       0.04241682015083814
1.875                     1.25                     9                        1.875                    1.25                     9                        1.875                    1.25
1.8749999999999996        1.1517535688698266       9                        1.8749999999999996       1.1517535688698266       9                        1.8749999999999996       1.1517535688698266
1.8749999999999998        1.0535071377396534       9                        1.8749999999999998       1.0535071377396534       9                        1.8749999999999998       1.0535071377396534
1.875                     0.955260706609481        9                        1.875                    0.955260706609481        9                        1.875                    0.955260706609481
1.8749999999999998        0.8570142754793075       9                        1.8749999999999998       0.8570142754793075       9                        1.8749999999999998       0.8570142754793075
1.8749999999999998        0.7587678443491344       9                        1.8749999999999998       0.7587678443491344       9                        1.8749999999999998       0.7587678443491344
1.8749999999999998        0.6605214132189614       9                        1.8749999999999998       0.6605214132189614       9                        1.8749999999999998       0.6605214132189614
1.8749999999999996        0.5622749820887881       9                        1.8749999999999996       0.5622749820887881       9                        1.8749999999999996       0.5622749820887881
1.875                     0.4640285509586148       9                        1.875                    0.4640285509586148       9                        1.875                    0.4640285509586148
1.875                     0.3657821198284418       9                        1.875                    0.3657821198284418       9                        1.875                    0.3657821198284418
1.8749999999999998        0.2675847951659491       9                        1.8749999999999998       0.2675847951659491       9                        1.8749999999999998       0.2675847951659491
1.8749999999999998        0.17097718343558715      9                        1.8749999999999998       0.17097718343558715      9                        1.8749999999999998       0.17097718343558715
1.8749999999999998        0.08129793479779086      9                        1.8749999999999998       0.08129793479779086      9                        1.8749999999999998       0.08129793479779086
1.875                     0                        9                        1.875                    0                        9                        1.875                    0
0.8048124107299323        0.1855070736489649       10                       0.8048124107299323       0.1855070736489649       10                       0.750072819411245        0.2115962062642885
0.812979830476768         0.183622065556735        10                       0.812979830476768        0.183622065556735        10                       0.7568013416775408       0.20793208273173514
0.8211110049594555        0.18158625713931895      10                       0.8211110049594555       0.18158625713931895      10                       0.7634074582366317       0.20410031278820404
0.8291999411686006        0.17938806712668165      10                       0.8291999411686006       0.17938806712668165      10                       0.76988142741841         0.20009620022718663
0.837239386142312         0.17701525090525733      10                       0.837239386142312        0.17701525090525733      10                       0.7762127864239499       0.1959153086622151
0.8452212116527313        0.17445474718378745      10                       0.8452212116527313       0.17445474718378745      10                       0.7823907516073826       0.1915532066423281
0.85313558340793          0.17169288613553818      10                       0.85313558340793         0.17169288613553818      10                       0.7884036628782138       0.18700583081626748
0.8609715020571421        0.16871517692343663      10                       0.8609715020571421       0.16871517692343663      10                       0.7942395006968197       0.18226909984814613
0.8687156956920855        0.16550667677050265      10                       0.8687156956920855       0.16550667677050265      10                       0.7998851511666213       0.17733945659632433
0.8763533572584941        0.16205169423492882      10                       0.8763533572584941       0.16205169423492882      10                       0.8053270581221948       0.17221330197845877
0.8838666882630012        0.1583344150817288       10                       0.8838666882630012       0.1583344150817288       10                       0.8105502730421187       0.1668878036911005
0.8912357882403663        0.15433854173980283      10                       0.8912357882403663       0.15433854173980283      10                       0.8155391979075732       0.16136015997541447
0.8984373412419265        0.1500479986805514       10                       0.8984373412419265       0.1500479986805514       10                       0.8202767668550045       0.15562835965186872
0.9054446810528991        0.14544706267467836      10                       0.9054446810528991       0.14544706267467836      10                       0.824744602402148        0.14969100715292222
0.9122273016965825        0.14052085003043888      10                       0.9122273016965825       0.14052085003043888      10                       0.8289227778555576       0.14354755480892664
0.9187504542110396        0.135255884522429        10                       0.9187504542110396       0.135255884522429        10                       0.8327896307510645       0.13719851623824245
0.9249747587693984        0.12964081162714286      10                       0.9249747587693984       0.12964081162714286      10                       0.8363215679991803       0.13064573006112098
0.9308558599994429        0.12366728283567127      10                       0.9308558599994429       0.12366728283567127      10                       0.8394928665031214       0.12389268434936443
0.9363441641588199        0.11733103298995641      10                       0.9363441641588199       0.11733103298995641      10                       0.8422754763843934       0.11694491036488051
0.9413847104115992        0.11063316904587009      10                       0.9413847104115992       0.11063316904587009      10                       0.8446388350970915       0.1098104546903161
0.9459172510626342        0.10358166789177647      10                       0.9459172510626342       0.10358166789177647      10                       0.8465497032537701       0.1025004344846291
