0 10 0.001382314
10 20 0.002436308
20 30 0.003786982
30 40 0.005434336
40 50 0.007378369
50 60 0.009619083
60 70 0.012156476
70 80 0.014990549
80 90 0.018121302
90 100 0.021548734
100 110 0.025272847
110 120 0.029293639
120 130 0.033611111
130 140 0.038225263
140 150 0.043136095
150 160 0.048343606
160 170 0.053847798
170 180 0.059648669
180 190 0.065746220
190 200 0.072140450
200 210 0.078831361
210 220 0.085818951
220 230 0.093103222
230 240 0.100684172
240 250 0.108561801
250 260 0.116736111
260 270 0.125207101
270 280 0.133974770
280 290 0.143039119
290 300 0.152400148
300 310 0.162057857
310 320 0.172012245
320 330 0.182263314
330 340 0.192811062
340 350 0.203655490
350 360 0.214796598
360 370 0.226234385
370 380 0.237968853
380 390 0.250000000
390 400 0.258546395
400 410 0.267236426
410 420 0.276070095
420 430 0.285047400
430 440 0.294168342
440 450 0.303432922
450 460 0.312841138
460 470 0.322392991
470 480 0.332088480
480 490 0.341927607
490 500 0.351910371
500 510 0.362036771
510 520 0.372306808
520 530 0.382720483
530 540 0.393277794
540 550 0.403978742
550 560 0.414823327
560 570 0.425811548
570 580 0.436943407
580 590 0.448218903
590 600 0.459638035
600 610 0.471200804
610 620 0.482907211
620 630 0.494757254
630 640 0.506750934
640 650 0.518888251
650 660 0.531169204
660 670 0.543593795
670 680 0.556162022
680 690 0.568873887
690 700 0.581729388
700 710 0.594728526
710 720 0.607871301
720 730 0.621157713
730 740 0.634587762
740 750 0.648161448
750 760 0.661878770
760 770 0.675739730
770 780 0.689744326
780 790 0.703892560
790 800 0.718184430
800 810 0.732619937
810 820 0.747199081
820 830 0.761921862
830 840 0.776788279
840 850 0.791798334
850 860 0.806952025
860 870 0.822249354
870 880 0.837690319
880 890 0.853274921
890 900 0.869003160
900 910 0.884875036
910 920 0.900890549
920 930 0.917049698
930 940 0.933352485
940 950 0.949798908
950 960 0.966388969
960 970 0.983122666
970 980 1.000000000
